object={
	name="tree_leaf_birch_01_single_generator_1_0"
	render_pass=Map
	clamp_to_water_level=no
	generated_content=yes
	layer="tree_high_layer"
	pdxmesh="tree_leaf_birch_01_single_a_mesh"
	count=361
	transform="4012.531982 0.000000 1817.070923 0.000000 0.407921 0.000000 0.913017 1.000000 1.000000 1.000000
4018.488525 0.000000 1812.516357 0.000000 0.972052 0.000000 0.234764 1.000000 1.000000 1.000000
4022.995361 0.000000 1814.580933 0.000000 0.831888 0.000000 -0.554943 1.000000 1.000000 1.000000
4017.368652 0.000000 1816.781860 0.000000 0.997335 0.000000 -0.072962 1.000000 1.000000 1.000000
4020.840576 0.000000 1817.767822 0.000000 0.150604 0.000000 0.988594 1.000000 1.000000 1.000000
4014.827148 0.000000 1819.747559 0.000000 0.449846 0.000000 -0.893106 1.000000 1.000000 1.000000
4014.812256 0.000000 1814.676392 0.000000 0.917611 0.000000 -0.397480 1.000000 1.000000 1.000000
4020.053223 0.000000 1815.072510 0.000000 0.660695 0.000000 0.750654 1.000000 1.000000 1.000000
4016.074219 0.000000 1822.049561 0.000000 0.828514 0.000000 -0.559968 1.000000 1.000000 1.000000
4021.039551 0.000000 1812.627808 0.000000 0.848449 0.000000 0.529278 1.000000 1.000000 1.000000
4015.078857 0.000000 1817.386475 0.000000 0.638592 0.000000 0.769546 1.000000 1.000000 1.000000
4017.151367 0.000000 1814.385864 0.000000 0.118993 0.000000 -0.992895 1.000000 1.000000 1.000000
4018.648438 0.000000 1818.697754 0.000000 0.729917 0.000000 0.683535 1.000000 1.000000 1.000000
4030.805908 0.000000 1823.524658 0.000000 0.885262 0.000000 -0.465093 1.000000 1.000000 1.000000
4016.603271 0.000000 1818.741211 0.000000 0.298337 0.000000 -0.954461 1.000000 1.000000 1.000000
4015.828369 0.000000 1812.917847 0.000000 0.162651 0.000000 -0.986684 1.000000 1.000000 1.000000
4029.006104 0.000000 1822.951904 0.000000 0.730431 0.000000 0.682986 1.000000 1.000000 1.000000
4031.254150 0.000000 1819.770386 0.000000 0.991941 0.000000 -0.126700 1.000000 1.000000 1.000000
4021.727539 0.000000 1815.885498 0.000000 0.548784 0.000000 -0.835964 1.000000 1.000000 1.000000
4017.778809 0.000000 1822.775513 0.000000 0.908736 0.000000 -0.417372 1.000000 1.000000 1.000000
4019.367676 0.000000 1816.756104 0.000000 0.760510 0.000000 -0.649326 1.000000 1.000000 1.000000
4015.922852 0.000000 1815.929077 0.000000 0.951267 0.000000 0.308370 1.000000 1.000000 1.000000
4018.441650 0.000000 1815.423462 0.000000 0.464909 0.000000 0.885358 1.000000 1.000000 1.000000
4021.468994 0.000000 1814.175537 0.000000 0.654053 0.000000 0.756449 1.000000 1.000000 1.000000
4019.715576 0.000000 1813.530273 0.000000 0.969733 0.000000 -0.244167 1.000000 1.000000 1.000000
4030.927002 0.000000 1821.753418 0.000000 0.857832 0.000000 -0.513930 1.000000 1.000000 1.000000
4023.576416 0.000000 1823.112061 0.000000 0.997561 0.000000 -0.069794 1.000000 1.000000 1.000000
4021.237793 0.000000 1822.228882 0.000000 0.599586 0.000000 0.800311 1.000000 1.000000 1.000000
4027.984375 0.000000 1820.332275 0.000000 0.463176 0.000000 0.886266 1.000000 1.000000 1.000000
4026.607666 0.000000 1823.632446 0.000000 0.259585 0.000000 0.965720 1.000000 1.000000 1.000000
4017.047363 0.000000 1812.125122 0.000000 0.827524 0.000000 0.561431 1.000000 1.000000 1.000000
4029.529785 0.000000 1816.446289 0.000000 0.806385 0.000000 -0.591391 1.000000 1.000000 1.000000
4030.851318 0.000000 1814.833618 0.000000 0.995836 0.000000 -0.091167 1.000000 1.000000 1.000000
4028.028564 0.000000 1818.442993 0.000000 0.978438 0.000000 0.206542 1.000000 1.000000 1.000000
4022.612061 0.000000 1822.273804 0.000000 0.638636 0.000000 0.769509 1.000000 1.000000 1.000000
4026.819092 0.000000 1820.692993 0.000000 0.597842 0.000000 0.801614 1.000000 1.000000 1.000000
4017.082764 0.000000 1815.598511 0.000000 0.261423 0.000000 -0.965224 1.000000 1.000000 1.000000
4027.817627 0.000000 1823.169922 0.000000 0.999705 0.000000 0.024275 1.000000 1.000000 1.000000
4030.093506 0.000000 1820.053833 0.000000 0.668123 0.000000 -0.744051 1.000000 1.000000 1.000000
4028.691895 0.000000 1821.864624 0.000000 0.969131 0.000000 -0.246547 1.000000 1.000000 1.000000
4024.603271 0.000000 1823.082520 0.000000 0.747989 0.000000 -0.663711 1.000000 1.000000 1.000000
4030.863770 0.000000 1820.747681 0.000000 0.978100 0.000000 0.208137 1.000000 1.000000 1.000000
3970.349609 0.000000 1878.863525 0.000000 0.734024 0.000000 0.679124 1.000000 1.000000 1.000000
3976.447021 0.000000 1880.569824 0.000000 0.992837 0.000000 -0.119476 1.000000 1.000000 1.000000
3985.362061 0.000000 1886.823975 0.000000 0.011725 0.000000 -0.999931 1.000000 1.000000 1.000000
3973.177979 0.000000 1872.333984 0.000000 0.938945 0.000000 0.344066 1.000000 1.000000 1.000000
4020.433105 0.000000 1828.454712 0.000000 0.026902 0.000000 -0.999638 1.000000 1.000000 1.000000
3983.161865 0.000000 1882.161011 0.000000 0.578312 0.000000 0.815815 1.000000 1.000000 1.000000
3963.563721 0.000000 1852.847412 0.000000 0.515328 0.000000 0.856993 1.000000 1.000000 1.000000
3980.179443 0.000000 1893.641602 0.000000 0.475209 0.000000 0.879873 1.000000 1.000000 1.000000
3974.514404 0.000000 1876.535889 0.000000 0.853338 0.000000 0.521358 1.000000 1.000000 1.000000
3986.123535 0.000000 1897.352173 0.000000 0.709928 0.000000 0.704274 1.000000 1.000000 1.000000
3968.374756 0.000000 1875.052856 0.000000 0.512995 0.000000 0.858392 1.000000 1.000000 1.000000
3972.216309 0.000000 1852.296509 0.000000 0.347866 0.000000 0.937544 1.000000 1.000000 1.000000
3973.069580 0.000000 1881.737183 0.000000 0.645250 0.000000 -0.763972 1.000000 1.000000 1.000000
3988.214844 0.000000 1893.322998 0.000000 0.916510 0.000000 0.400012 1.000000 1.000000 1.000000
3971.440186 0.000000 1875.875977 0.000000 0.981196 0.000000 -0.193016 1.000000 1.000000 1.000000
3977.455811 0.000000 1877.631592 0.000000 0.809076 0.000000 -0.587703 1.000000 1.000000 1.000000
3983.244385 0.000000 1895.763428 0.000000 0.985944 0.000000 -0.167078 1.000000 1.000000 1.000000
3975.112305 0.000000 1869.994141 0.000000 0.601284 0.000000 0.799036 1.000000 1.000000 1.000000
3970.295410 0.000000 1872.755615 0.000000 0.796064 0.000000 0.605213 1.000000 1.000000 1.000000
3967.115234 0.000000 1860.977417 0.000000 0.861512 0.000000 -0.507737 1.000000 1.000000 1.000000
3978.437744 0.000000 1861.093628 0.000000 0.964374 0.000000 0.264544 1.000000 1.000000 1.000000
4023.030518 0.000000 1827.431519 0.000000 0.750586 0.000000 -0.660773 1.000000 1.000000 1.000000
3973.130127 0.000000 1879.009277 0.000000 0.926763 0.000000 0.375646 1.000000 1.000000 1.000000
4030.412354 0.000000 1825.661133 0.000000 0.613790 0.000000 0.789469 1.000000 1.000000 1.000000
3970.114014 0.000000 1853.861694 0.000000 0.975200 0.000000 0.221327 1.000000 1.000000 1.000000
3982.226807 0.000000 1892.077759 0.000000 0.048001 0.000000 -0.998847 1.000000 1.000000 1.000000
3974.615967 0.000000 1857.393066 0.000000 0.819752 0.000000 -0.572719 1.000000 1.000000 1.000000
3968.061035 0.000000 1877.936523 0.000000 0.703615 0.000000 -0.710582 1.000000 1.000000 1.000000
3985.578613 0.000000 1880.252808 0.000000 0.722615 0.000000 0.691250 1.000000 1.000000 1.000000
3987.971436 0.000000 1895.744019 0.000000 0.309182 0.000000 0.951003 1.000000 1.000000 1.000000
3970.724854 0.000000 1850.664795 0.000000 0.406422 0.000000 0.913685 1.000000 1.000000 1.000000
3973.471436 0.000000 1874.570312 0.000000 0.598358 0.000000 -0.801229 1.000000 1.000000 1.000000
3987.493164 0.000000 1891.166504 0.000000 0.376588 0.000000 -0.926381 1.000000 1.000000 1.000000
3978.282471 0.000000 1863.979980 0.000000 0.752752 0.000000 0.658304 1.000000 1.000000 1.000000
3983.729736 0.000000 1890.625488 0.000000 0.874334 0.000000 -0.485325 1.000000 1.000000 1.000000
4026.892090 0.000000 1824.723633 0.000000 0.410545 0.000000 -0.911840 1.000000 1.000000 1.000000
3969.608643 0.000000 1876.701782 0.000000 0.130657 0.000000 0.991428 1.000000 1.000000 1.000000
4021.698486 0.000000 1826.082031 0.000000 0.354417 0.000000 0.935087 1.000000 1.000000 1.000000
3982.537842 0.000000 1893.960083 0.000000 0.969452 0.000000 -0.245280 1.000000 1.000000 1.000000
3971.851562 0.000000 1877.697754 0.000000 0.980037 0.000000 -0.198816 1.000000 1.000000 1.000000
3982.085693 0.000000 1869.931274 0.000000 0.108359 0.000000 0.994112 1.000000 1.000000 1.000000
3970.144531 0.000000 1874.558838 0.000000 0.998872 0.000000 -0.047480 1.000000 1.000000 1.000000
3971.796143 0.000000 1873.722656 0.000000 0.467365 0.000000 -0.884064 1.000000 1.000000 1.000000
3971.333008 0.000000 1863.802612 0.000000 0.856617 0.000000 0.515953 1.000000 1.000000 1.000000
3979.212646 0.000000 1877.382080 0.000000 0.948233 0.000000 0.317574 1.000000 1.000000 1.000000
3986.430420 0.000000 1893.447876 0.000000 0.019077 0.000000 0.999818 1.000000 1.000000 1.000000
4019.292236 0.000000 1827.067993 0.000000 0.659436 0.000000 -0.751761 1.000000 1.000000 1.000000
3978.066406 0.000000 1876.117798 0.000000 0.342019 0.000000 -0.939693 1.000000 1.000000 1.000000
3972.932373 0.000000 1857.489258 0.000000 0.222659 0.000000 -0.974896 1.000000 1.000000 1.000000
3966.027344 0.000000 1859.726074 0.000000 0.276670 0.000000 -0.960965 1.000000 1.000000 1.000000
3976.876221 0.000000 1860.683472 0.000000 0.443042 0.000000 0.896501 1.000000 1.000000 1.000000
3974.880127 0.000000 1859.418945 0.000000 0.987889 0.000000 -0.155160 1.000000 1.000000 1.000000
3972.915527 0.000000 1876.458862 0.000000 0.115831 0.000000 -0.993269 1.000000 1.000000 1.000000
3966.979492 0.000000 1851.620483 0.000000 0.463286 0.000000 -0.886209 1.000000 1.000000 1.000000
3983.878174 0.000000 1880.787354 0.000000 0.871301 0.000000 0.490749 1.000000 1.000000 1.000000
3984.847656 0.000000 1878.885864 0.000000 0.334645 0.000000 -0.942344 1.000000 1.000000 1.000000
3977.884033 0.000000 1862.510376 0.000000 0.309366 0.000000 0.950943 1.000000 1.000000 1.000000
3971.434082 0.000000 1854.595093 0.000000 0.911953 0.000000 0.410294 1.000000 1.000000 1.000000
3985.236328 0.000000 1876.512451 0.000000 0.984888 0.000000 0.173195 1.000000 1.000000 1.000000
4016.078613 0.000000 1826.700928 0.000000 0.648254 0.000000 0.761424 1.000000 1.000000 1.000000
4020.727539 0.000000 1824.167847 0.000000 0.689732 0.000000 -0.724064 1.000000 1.000000 1.000000
3981.993652 0.000000 1878.754395 0.000000 0.259314 0.000000 0.965793 1.000000 1.000000 1.000000
3979.926758 0.000000 1870.680786 0.000000 0.853354 0.000000 -0.521332 1.000000 1.000000 1.000000
3971.352539 0.000000 1859.272827 0.000000 0.929004 0.000000 0.370070 1.000000 1.000000 1.000000
3982.733643 0.000000 1871.395630 0.000000 0.629878 0.000000 0.776694 1.000000 1.000000 1.000000
3978.621582 0.000000 1878.702393 0.000000 0.998853 0.000000 0.047891 1.000000 1.000000 1.000000
3966.131836 0.000000 1854.329712 0.000000 0.903617 0.000000 -0.428341 1.000000 1.000000 1.000000
3976.263916 0.000000 1866.751221 0.000000 0.982300 0.000000 0.187315 1.000000 1.000000 1.000000
4016.654541 0.000000 1825.383301 0.000000 0.782690 0.000000 0.622412 1.000000 1.000000 1.000000
3983.662598 0.000000 1892.104492 0.000000 0.617214 0.000000 -0.786795 1.000000 1.000000 1.000000
4020.707520 0.000000 1827.135010 0.000000 0.961104 0.000000 -0.276186 1.000000 1.000000 1.000000
3979.146484 0.000000 1873.369141 0.000000 0.806806 0.000000 -0.590817 1.000000 1.000000 1.000000
3969.500000 0.000000 1858.398438 0.000000 0.990864 0.000000 0.134862 1.000000 1.000000 1.000000
4023.715088 0.000000 1824.182861 0.000000 0.470824 0.000000 -0.882227 1.000000 1.000000 1.000000
3968.234619 0.000000 1856.167480 0.000000 0.601959 0.000000 0.798527 1.000000 1.000000 1.000000
3975.318359 0.000000 1865.637817 0.000000 0.509749 0.000000 -0.860323 1.000000 1.000000 1.000000
3975.789062 0.000000 1864.386597 0.000000 0.392186 0.000000 0.919886 1.000000 1.000000 1.000000
3970.209229 0.000000 1861.140991 0.000000 0.964501 0.000000 0.264079 1.000000 1.000000 1.000000
3969.034180 0.000000 1854.588989 0.000000 0.670467 0.000000 0.741939 1.000000 1.000000 1.000000
3977.583008 0.000000 1866.474121 0.000000 0.281741 0.000000 0.959490 1.000000 1.000000 1.000000
3978.037109 0.000000 1865.253296 0.000000 0.999212 0.000000 0.039695 1.000000 1.000000 1.000000
3967.255127 0.000000 1857.974854 0.000000 0.389666 0.000000 -0.920956 1.000000 1.000000 1.000000
3969.775146 0.000000 1857.071045 0.000000 0.369077 0.000000 0.929399 1.000000 1.000000 1.000000
3970.512207 0.000000 1877.602417 0.000000 0.243219 0.000000 -0.969971 1.000000 1.000000 1.000000
3983.663574 0.000000 1875.651123 0.000000 0.944358 0.000000 -0.328918 1.000000 1.000000 1.000000
3983.055664 0.000000 1878.019897 0.000000 0.450941 0.000000 -0.892554 1.000000 1.000000 1.000000
3987.178955 0.000000 1892.409546 0.000000 0.623509 0.000000 -0.781816 1.000000 1.000000 1.000000
3979.760986 0.000000 1874.857788 0.000000 0.191277 0.000000 -0.981536 1.000000 1.000000 1.000000
3981.189209 0.000000 1875.068848 0.000000 0.878741 0.000000 0.477299 1.000000 1.000000 1.000000
3967.227539 0.000000 1853.671875 0.000000 0.855265 0.000000 -0.518191 1.000000 1.000000 1.000000
3980.315674 0.000000 1879.745850 0.000000 0.698506 0.000000 -0.715604 1.000000 1.000000 1.000000
3977.051514 0.000000 1864.139160 0.000000 0.823124 0.000000 -0.567862 1.000000 1.000000 1.000000
3984.784912 0.000000 1877.651001 0.000000 0.101268 0.000000 -0.994859 1.000000 1.000000 1.000000
3980.685547 0.000000 1877.258057 0.000000 0.949680 0.000000 -0.313223 1.000000 1.000000 1.000000
3973.984863 0.000000 1858.481079 0.000000 0.606385 0.000000 -0.795171 1.000000 1.000000 1.000000
3979.867432 0.000000 1868.076782 0.000000 0.144247 0.000000 -0.989542 1.000000 1.000000 1.000000
3981.105957 0.000000 1868.318481 0.000000 0.859721 0.000000 -0.510763 1.000000 1.000000 1.000000
3983.238770 0.000000 1873.885132 0.000000 0.988748 0.000000 -0.149589 1.000000 1.000000 1.000000
3980.514893 0.000000 1872.548584 0.000000 0.090352 0.000000 0.995910 1.000000 1.000000 1.000000
3971.948486 0.000000 1858.162476 0.000000 0.999453 0.000000 0.033084 1.000000 1.000000 1.000000
3975.765625 0.000000 1860.257324 0.000000 0.023134 0.000000 -0.999732 1.000000 1.000000 1.000000
3982.346924 0.000000 1876.045898 0.000000 0.957804 0.000000 0.287422 1.000000 1.000000 1.000000
3982.282227 0.000000 1879.884033 0.000000 0.890909 0.000000 0.454183 1.000000 1.000000 1.000000
3978.062988 0.000000 1867.516968 0.000000 0.238368 0.000000 -0.971175 1.000000 1.000000 1.000000
3981.038330 0.000000 1870.462280 0.000000 0.992252 0.000000 -0.124240 1.000000 1.000000 1.000000
4021.485840 0.000000 1825.004150 0.000000 0.717919 0.000000 -0.696126 1.000000 1.000000 1.000000
3975.016113 0.000000 1862.155640 0.000000 0.934503 0.000000 0.355955 1.000000 1.000000 1.000000
3972.378906 0.000000 1861.382568 0.000000 0.386346 0.000000 -0.922354 1.000000 1.000000 1.000000
4018.955078 0.000000 1824.866455 0.000000 0.946382 0.000000 -0.323048 1.000000 1.000000 1.000000
3981.610840 0.000000 1874.159424 0.000000 0.062958 0.000000 -0.998016 1.000000 1.000000 1.000000
3983.982422 0.000000 1878.396240 0.000000 0.773054 0.000000 0.634340 1.000000 1.000000 1.000000
3472.505615 0.000000 2147.089844 0.000000 0.666444 0.000000 0.745555 1.000000 1.000000 1.000000
3464.546631 0.000000 2139.261230 0.000000 0.906968 0.000000 -0.421199 1.000000 1.000000 1.000000
3462.946533 0.000000 2130.829834 0.000000 0.536340 0.000000 -0.844002 1.000000 1.000000 1.000000
3467.267822 0.000000 2136.248779 0.000000 0.631036 0.000000 0.775754 1.000000 1.000000 1.000000
3466.779541 0.000000 2138.617920 0.000000 0.903476 0.000000 0.428638 1.000000 1.000000 1.000000
3465.752197 0.000000 2134.705322 0.000000 0.793155 0.000000 0.609019 1.000000 1.000000 1.000000
3465.389404 0.000000 2137.056641 0.000000 0.836108 0.000000 -0.548565 1.000000 1.000000 1.000000
3472.930908 0.000000 2148.636719 0.000000 0.466035 0.000000 -0.884766 1.000000 1.000000 1.000000
3464.402100 0.000000 2134.456299 0.000000 0.948609 0.000000 0.316450 1.000000 1.000000 1.000000
3462.962402 0.000000 2132.307129 0.000000 0.880578 0.000000 -0.473902 1.000000 1.000000 1.000000
3472.120605 0.000000 2149.731689 0.000000 0.962598 0.000000 0.270932 1.000000 1.000000 1.000000
4040.085449 0.000000 1823.157349 0.000000 0.132914 0.000000 0.991128 1.000000 1.000000 1.000000
4037.271484 0.000000 1820.063599 0.000000 0.043109 0.000000 0.999070 1.000000 1.000000 1.000000
4035.889160 0.000000 1816.789673 0.000000 0.979304 0.000000 0.202393 1.000000 1.000000 1.000000
4034.572266 0.000000 1822.378052 0.000000 0.065129 0.000000 -0.997877 1.000000 1.000000 1.000000
4031.705811 0.000000 1821.593750 0.000000 0.284917 0.000000 -0.958552 1.000000 1.000000 1.000000
4040.991211 0.000000 1820.625244 0.000000 0.547424 0.000000 -0.836856 1.000000 1.000000 1.000000
4037.547852 0.000000 1822.779541 0.000000 0.484908 0.000000 -0.874565 1.000000 1.000000 1.000000
4039.229004 0.000000 1818.772217 0.000000 0.809022 0.000000 -0.587778 1.000000 1.000000 1.000000
4035.177979 0.000000 1819.933105 0.000000 0.205925 0.000000 -0.978568 1.000000 1.000000 1.000000
4039.040283 0.000000 1821.252930 0.000000 0.920141 0.000000 0.391588 1.000000 1.000000 1.000000
4033.487793 0.000000 1820.961914 0.000000 0.003009 0.000000 0.999995 1.000000 1.000000 1.000000
4036.241211 0.000000 1821.546021 0.000000 0.978965 0.000000 0.204029 1.000000 1.000000 1.000000
4032.982666 0.000000 1822.934448 0.000000 0.886722 0.000000 -0.462302 1.000000 1.000000 1.000000
4035.973145 0.000000 1818.521118 0.000000 0.791924 0.000000 -0.610620 1.000000 1.000000 1.000000
4031.576416 0.000000 1815.383057 0.000000 0.998117 0.000000 0.061338 1.000000 1.000000 1.000000
4035.961182 0.000000 1823.224854 0.000000 0.979832 0.000000 -0.199822 1.000000 1.000000 1.000000
4031.940430 0.000000 1819.957275 0.000000 0.143544 0.000000 -0.989644 1.000000 1.000000 1.000000
4031.577637 0.000000 1822.998535 0.000000 0.999938 0.000000 0.011135 1.000000 1.000000 1.000000
4037.604004 0.000000 1821.390625 0.000000 0.147068 0.000000 0.989126 1.000000 1.000000 1.000000
4038.853271 0.000000 1822.587524 0.000000 0.468209 0.000000 0.883618 1.000000 1.000000 1.000000
4034.729004 0.000000 1821.100586 0.000000 0.420471 0.000000 0.907306 1.000000 1.000000 1.000000
4031.808594 0.000000 1816.654907 0.000000 0.889722 0.000000 0.456503 1.000000 1.000000 1.000000
4032.718750 0.000000 1821.912720 0.000000 0.675629 0.000000 0.737242 1.000000 1.000000 1.000000
4091.018311 0.000000 1893.826416 0.000000 0.742858 0.000000 -0.669449 1.000000 1.000000 1.000000
4032.664551 0.000000 1824.316406 0.000000 0.383486 0.000000 0.923547 1.000000 1.000000 1.000000
4078.714355 0.000000 1883.118652 0.000000 0.216487 0.000000 0.976286 1.000000 1.000000 1.000000
4040.558350 0.000000 1826.638794 0.000000 0.982393 0.000000 -0.186827 1.000000 1.000000 1.000000
4077.254639 0.000000 1888.849854 0.000000 0.389145 0.000000 -0.921177 1.000000 1.000000 1.000000
4091.480957 0.000000 1888.607788 0.000000 0.996574 0.000000 0.082711 1.000000 1.000000 1.000000
4081.237305 0.000000 1886.579468 0.000000 0.516513 0.000000 0.856280 1.000000 1.000000 1.000000
4036.381836 0.000000 1827.268921 0.000000 0.198426 0.000000 0.980116 1.000000 1.000000 1.000000
4082.088623 0.000000 1893.597534 0.000000 0.999949 0.000000 0.010120 1.000000 1.000000 1.000000
4074.849609 0.000000 1884.044434 0.000000 0.426676 0.000000 0.904404 1.000000 1.000000 1.000000
4087.666748 0.000000 1888.819214 0.000000 0.982875 0.000000 0.184273 1.000000 1.000000 1.000000
4038.203613 0.000000 1823.835693 0.000000 0.597132 0.000000 0.802143 1.000000 1.000000 1.000000
4080.313477 0.000000 1890.559937 0.000000 0.999526 0.000000 0.030796 1.000000 1.000000 1.000000
4089.715088 0.000000 1891.217407 0.000000 0.987437 0.000000 0.158015 1.000000 1.000000 1.000000
4035.307861 0.000000 1824.724976 0.000000 0.912514 0.000000 -0.409045 1.000000 1.000000 1.000000
4076.359375 0.000000 1881.614502 0.000000 0.617523 0.000000 -0.786553 1.000000 1.000000 1.000000
4075.351807 0.000000 1887.035156 0.000000 0.875436 0.000000 0.483335 1.000000 1.000000 1.000000
4041.312500 0.000000 1823.854126 0.000000 0.984456 0.000000 0.175634 1.000000 1.000000 1.000000
4082.601074 0.000000 1891.327881 0.000000 0.501400 0.000000 -0.865216 1.000000 1.000000 1.000000
4086.291992 0.000000 1890.480835 0.000000 0.975730 0.000000 -0.218979 1.000000 1.000000 1.000000
4085.735352 0.000000 1887.856934 0.000000 0.875620 0.000000 0.483001 1.000000 1.000000 1.000000
4088.969482 0.000000 1893.655518 0.000000 0.273607 0.000000 0.961842 1.000000 1.000000 1.000000
4076.867920 0.000000 1883.906860 0.000000 0.960391 0.000000 -0.278656 1.000000 1.000000 1.000000
4039.942871 0.000000 1824.955566 0.000000 0.932793 0.000000 -0.360413 1.000000 1.000000 1.000000
4088.004883 0.000000 1890.971924 0.000000 0.969148 0.000000 0.246480 1.000000 1.000000 1.000000
4036.801270 0.000000 1825.534302 0.000000 0.948763 0.000000 -0.315989 1.000000 1.000000 1.000000
4079.048584 0.000000 1886.614502 0.000000 0.682848 0.000000 0.730561 1.000000 1.000000 1.000000
4034.185059 0.000000 1823.707764 0.000000 0.652705 0.000000 0.757612 1.000000 1.000000 1.000000
4036.689453 0.000000 1824.020020 0.000000 0.536374 0.000000 0.843980 1.000000 1.000000 1.000000
4078.287842 0.000000 1884.573242 0.000000 0.146112 0.000000 -0.989268 1.000000 1.000000 1.000000
4077.734863 0.000000 1882.071045 0.000000 0.131155 0.000000 -0.991362 1.000000 1.000000 1.000000
4085.655273 0.000000 1892.726318 0.000000 0.739162 0.000000 -0.673528 1.000000 1.000000 1.000000
4085.559326 0.000000 1889.276123 0.000000 0.134921 0.000000 -0.990856 1.000000 1.000000 1.000000
4084.566162 0.000000 1888.321045 0.000000 0.998608 0.000000 0.052744 1.000000 1.000000 1.000000
4039.834229 0.000000 1823.703735 0.000000 0.486792 0.000000 -0.873518 1.000000 1.000000 1.000000
4085.035645 0.000000 1890.618896 0.000000 0.069295 0.000000 0.997596 1.000000 1.000000 1.000000
4085.867188 0.000000 1891.577515 0.000000 0.311206 0.000000 0.950343 1.000000 1.000000 1.000000
4077.100098 0.000000 1884.936157 0.000000 0.414214 0.000000 -0.910180 1.000000 1.000000 1.000000
4114.211426 0.000000 1888.292114 0.000000 0.991861 0.000000 -0.127323 1.000000 1.000000 1.000000
4115.464355 0.000000 1893.661865 0.000000 0.208782 0.000000 0.977962 1.000000 1.000000 1.000000
4120.140137 0.000000 1890.444092 0.000000 0.613644 0.000000 -0.789583 1.000000 1.000000 1.000000
4118.220215 0.000000 1885.149048 0.000000 0.999926 0.000000 -0.012172 1.000000 1.000000 1.000000
4116.874023 0.000000 1890.292603 0.000000 0.395266 0.000000 -0.918567 1.000000 1.000000 1.000000
4118.719238 0.000000 1893.256226 0.000000 0.091888 0.000000 -0.995769 1.000000 1.000000 1.000000
4112.561035 0.000000 1890.653809 0.000000 0.427494 0.000000 -0.904018 1.000000 1.000000 1.000000
4117.620117 0.000000 1895.697998 0.000000 0.992362 0.000000 0.123362 1.000000 1.000000 1.000000
4117.575195 0.000000 1887.735474 0.000000 0.966872 0.000000 -0.255260 1.000000 1.000000 1.000000
4114.791504 0.000000 1891.398804 0.000000 0.931349 0.000000 0.364127 1.000000 1.000000 1.000000
4116.932617 0.000000 1892.293335 0.000000 0.999838 0.000000 0.017992 1.000000 1.000000 1.000000
4118.577637 0.000000 1889.420288 0.000000 0.912662 0.000000 -0.408715 1.000000 1.000000 1.000000
4118.637695 0.000000 1891.456665 0.000000 0.400271 0.000000 0.916397 1.000000 1.000000 1.000000
4115.990234 0.000000 1888.597900 0.000000 0.380813 0.000000 -0.924652 1.000000 1.000000 1.000000
4114.012695 0.000000 1889.904297 0.000000 0.403347 0.000000 -0.915047 1.000000 1.000000 1.000000
4119.138672 0.000000 1888.057739 0.000000 0.934374 0.000000 -0.356295 1.000000 1.000000 1.000000
4115.508301 0.000000 1890.149292 0.000000 0.808954 0.000000 0.587872 1.000000 1.000000 1.000000
4117.268555 0.000000 1889.007812 0.000000 0.051269 0.000000 -0.998685 1.000000 1.000000 1.000000
4116.125977 0.000000 1891.214111 0.000000 0.386046 0.000000 0.922480 1.000000 1.000000 1.000000
4117.495117 0.000000 1891.293701 0.000000 0.510728 0.000000 0.859742 1.000000 1.000000 1.000000
4117.997559 0.000000 1890.339966 0.000000 0.759834 0.000000 -0.650117 1.000000 1.000000 1.000000
4091.018311 0.000000 1989.810791 0.000000 0.682812 0.000000 0.730594 1.000000 1.000000 1.000000
4096.969727 0.000000 1985.590576 0.000000 0.105764 0.000000 -0.994391 1.000000 1.000000 1.000000
4095.622559 0.000000 1977.740723 0.000000 1.000000 0.000000 -0.000916 1.000000 1.000000 1.000000
4091.480957 0.000000 1984.592163 0.000000 0.602404 0.000000 -0.798192 1.000000 1.000000 1.000000
4095.913574 0.000000 1990.280273 0.000000 0.407416 0.000000 0.913243 1.000000 1.000000 1.000000
4085.755615 0.000000 1981.625122 0.000000 0.438266 0.000000 -0.898845 1.000000 1.000000 1.000000
4082.088623 0.000000 1989.581909 0.000000 0.951806 0.000000 -0.306701 1.000000 1.000000 1.000000
4087.127197 0.000000 1988.468262 0.000000 0.987370 0.000000 0.158431 1.000000 1.000000 1.000000
4093.159912 0.000000 1992.825684 0.000000 0.900081 0.000000 -0.435724 1.000000 1.000000 1.000000
4080.313477 0.000000 1986.544312 0.000000 0.714318 0.000000 -0.699821 1.000000 1.000000 1.000000
4094.645020 0.000000 1983.732788 0.000000 0.402962 0.000000 0.915217 1.000000 1.000000 1.000000
4089.715088 0.000000 1987.201782 0.000000 0.050958 0.000000 0.998701 1.000000 1.000000 1.000000
4084.801270 0.000000 1989.882446 0.000000 0.015601 0.000000 -0.999878 1.000000 1.000000 1.000000
4083.741943 0.000000 1983.258179 0.000000 0.486080 0.000000 -0.873914 1.000000 1.000000 1.000000
4087.235596 0.000000 1990.842529 0.000000 0.966948 0.000000 0.254973 1.000000 1.000000 1.000000
4090.936035 0.000000 1992.194580 0.000000 0.554785 0.000000 0.831994 1.000000 1.000000 1.000000
4093.290283 0.000000 1989.399048 0.000000 0.679012 0.000000 -0.734127 1.000000 1.000000 1.000000
4082.601074 0.000000 1987.312256 0.000000 0.916398 0.000000 0.400267 1.000000 1.000000 1.000000
4093.465332 0.000000 1978.898682 0.000000 0.303567 0.000000 -0.952810 1.000000 1.000000 1.000000
4091.787598 0.000000 1986.697876 0.000000 0.096168 0.000000 -0.995365 1.000000 1.000000 1.000000
4091.594482 0.000000 1982.507812 0.000000 0.986030 0.000000 0.166568 1.000000 1.000000 1.000000
4085.735352 0.000000 1983.841309 0.000000 0.613723 0.000000 -0.789521 1.000000 1.000000 1.000000
4088.969482 0.000000 1989.639893 0.000000 0.995544 0.000000 -0.094297 1.000000 1.000000 1.000000
4095.830322 0.000000 1988.230957 0.000000 0.999548 0.000000 0.030065 1.000000 1.000000 1.000000
4089.554688 0.000000 1985.263672 0.000000 0.996719 0.000000 0.080936 1.000000 1.000000 1.000000
4087.427979 0.000000 1982.902466 0.000000 0.236712 0.000000 -0.971580 1.000000 1.000000 1.000000
4095.513184 0.000000 1982.055786 0.000000 0.769470 0.000000 -0.638683 1.000000 1.000000 1.000000
4092.592773 0.000000 1991.098511 0.000000 0.570405 0.000000 0.821363 1.000000 1.000000 1.000000
4088.004883 0.000000 1986.956299 0.000000 0.594574 0.000000 -0.804041 1.000000 1.000000 1.000000
4089.617432 0.000000 1991.154541 0.000000 0.867649 0.000000 -0.497177 1.000000 1.000000 1.000000
4092.033447 0.000000 1988.323364 0.000000 0.021711 0.000000 -0.999764 1.000000 1.000000 1.000000
4090.339111 0.000000 1983.585571 0.000000 0.740711 0.000000 -0.671823 1.000000 1.000000 1.000000
4090.652588 0.000000 1981.298584 0.000000 0.911153 0.000000 0.412068 1.000000 1.000000 1.000000
4085.655273 0.000000 1988.710693 0.000000 0.785862 0.000000 0.618402 1.000000 1.000000 1.000000
4090.328857 0.000000 1988.554810 0.000000 0.970078 0.000000 -0.242793 1.000000 1.000000 1.000000
4088.508545 0.000000 1988.301880 0.000000 0.995475 0.000000 0.095022 1.000000 1.000000 1.000000
4085.559326 0.000000 1985.260498 0.000000 0.879290 0.000000 -0.476286 1.000000 1.000000 1.000000
4086.572754 0.000000 1989.702271 0.000000 0.586732 0.000000 0.809781 1.000000 1.000000 1.000000
4084.566162 0.000000 1984.305420 0.000000 0.958539 0.000000 0.284961 1.000000 1.000000 1.000000
4093.972900 0.000000 1988.391968 0.000000 0.086895 0.000000 -0.996217 1.000000 1.000000 1.000000
4090.892090 0.000000 1987.504028 0.000000 0.994426 0.000000 -0.105440 1.000000 1.000000 1.000000
4092.961426 0.000000 1986.370239 0.000000 0.691118 0.000000 0.722742 1.000000 1.000000 1.000000
4092.745850 0.000000 1982.280396 0.000000 0.732675 0.000000 0.680579 1.000000 1.000000 1.000000
4085.867188 0.000000 1987.561890 0.000000 0.899098 0.000000 -0.437747 1.000000 1.000000 1.000000
4086.959473 0.000000 1987.373291 0.000000 0.521281 0.000000 0.853385 1.000000 1.000000 1.000000
4092.779785 0.000000 1987.500244 0.000000 0.083745 0.000000 0.996487 1.000000 1.000000 1.000000
4137.688965 0.000000 1987.641113 0.000000 0.254228 0.000000 -0.967144 1.000000 1.000000 1.000000
4150.116699 0.000000 1990.767700 0.000000 0.626288 0.000000 -0.779592 1.000000 1.000000 1.000000
4141.056641 0.000000 1974.653076 0.000000 0.094677 0.000000 0.995508 1.000000 1.000000 1.000000
4142.929688 0.000000 1993.663696 0.000000 0.897449 0.000000 -0.441118 1.000000 1.000000 1.000000
4149.247070 0.000000 1984.834229 0.000000 0.945822 0.000000 -0.324686 1.000000 1.000000 1.000000
4162.371582 0.000000 2012.972168 0.000000 0.741259 0.000000 0.671219 1.000000 1.000000 1.000000
4139.918457 0.000000 1979.492676 0.000000 0.994854 0.000000 -0.101317 1.000000 1.000000 1.000000
4166.093262 0.000000 2015.440552 0.000000 0.551317 0.000000 -0.834296 1.000000 1.000000 1.000000
4146.992676 0.000000 1993.158936 0.000000 0.732039 0.000000 -0.681263 1.000000 1.000000 1.000000
4132.971680 0.000000 1970.952271 0.000000 0.987536 0.000000 0.157396 1.000000 1.000000 1.000000
4143.414551 0.000000 1978.044189 0.000000 0.966880 0.000000 0.255232 1.000000 1.000000 1.000000
4137.928223 0.000000 1973.139526 0.000000 0.816529 0.000000 0.577305 1.000000 1.000000 1.000000
4140.774414 0.000000 1982.517944 0.000000 0.912011 0.000000 -0.410167 1.000000 1.000000 1.000000
4134.166016 0.000000 1977.279907 0.000000 0.037088 0.000000 0.999312 1.000000 1.000000 1.000000
4135.283203 0.000000 1982.756714 0.000000 0.072985 0.000000 -0.997333 1.000000 1.000000 1.000000
4165.692383 0.000000 2012.794800 0.000000 0.994074 0.000000 0.108708 1.000000 1.000000 1.000000
4142.357910 0.000000 1980.422241 0.000000 0.661843 0.000000 -0.749643 1.000000 1.000000 1.000000
4147.343750 0.000000 1983.019531 0.000000 0.688323 0.000000 -0.725405 1.000000 1.000000 1.000000
4135.550293 0.000000 1972.158447 0.000000 0.643635 0.000000 -0.765332 1.000000 1.000000 1.000000
4146.991699 0.000000 1990.381714 0.000000 0.891489 0.000000 -0.453042 1.000000 1.000000 1.000000
4140.786133 0.000000 1977.067993 0.000000 0.997254 0.000000 0.074058 1.000000 1.000000 1.000000
4143.634766 0.000000 1985.875000 0.000000 0.999610 0.000000 -0.027919 1.000000 1.000000 1.000000
4129.562988 0.000000 1976.237183 0.000000 0.999829 0.000000 -0.018466 1.000000 1.000000 1.000000
4163.776855 0.000000 2014.832520 0.000000 0.087834 0.000000 0.996135 1.000000 1.000000 1.000000
4132.099609 0.000000 1973.115234 0.000000 0.725969 0.000000 0.687727 1.000000 1.000000 1.000000
4139.834473 0.000000 1987.490479 0.000000 0.910344 0.000000 0.413853 1.000000 1.000000 1.000000
4142.114746 0.000000 1984.025269 0.000000 0.857550 0.000000 -0.514401 1.000000 1.000000 1.000000
4145.620605 0.000000 1982.040283 0.000000 0.668222 0.000000 -0.743962 1.000000 1.000000 1.000000
4135.964844 0.000000 1976.551392 0.000000 0.680082 0.000000 0.733136 1.000000 1.000000 1.000000
4139.069336 0.000000 1981.590820 0.000000 0.202608 0.000000 0.979260 1.000000 1.000000 1.000000
4138.422363 0.000000 1978.278198 0.000000 0.986588 0.000000 0.163230 1.000000 1.000000 1.000000
4136.924805 0.000000 1974.864746 0.000000 0.279605 0.000000 0.960115 1.000000 1.000000 1.000000
4144.773438 0.000000 1993.378784 0.000000 0.597401 0.000000 0.801942 1.000000 1.000000 1.000000
4133.160156 0.000000 1978.807129 0.000000 0.007591 0.000000 -0.999971 1.000000 1.000000 1.000000
4141.639648 0.000000 1978.709961 0.000000 0.903064 0.000000 0.429506 1.000000 1.000000 1.000000
4133.773438 0.000000 1972.510864 0.000000 0.574929 0.000000 0.818203 1.000000 1.000000 1.000000
4144.437500 0.000000 1984.279419 0.000000 0.475616 0.000000 0.879653 1.000000 1.000000 1.000000
4134.003906 0.000000 1981.674316 0.000000 0.499699 0.000000 -0.866199 1.000000 1.000000 1.000000
4143.096680 0.000000 1991.979370 0.000000 0.205579 0.000000 0.978640 1.000000 1.000000 1.000000
4133.384766 0.000000 1974.037598 0.000000 0.850576 0.000000 0.525852 1.000000 1.000000 1.000000
4136.765625 0.000000 1982.175537 0.000000 0.292535 0.000000 -0.956255 1.000000 1.000000 1.000000
4130.799805 0.000000 1975.330566 0.000000 0.169776 0.000000 0.985483 1.000000 1.000000 1.000000
4146.167480 0.000000 1991.822998 0.000000 0.038307 0.000000 -0.999266 1.000000 1.000000 1.000000
4139.620117 0.000000 1976.092773 0.000000 0.923869 0.000000 0.382710 1.000000 1.000000 1.000000
4147.675781 0.000000 1984.528076 0.000000 0.990667 0.000000 0.136301 1.000000 1.000000 1.000000
4140.687988 0.000000 1980.963501 0.000000 0.384445 0.000000 0.923148 1.000000 1.000000 1.000000
4132.680664 0.000000 1976.825195 0.000000 0.552958 0.000000 -0.833209 1.000000 1.000000 1.000000
4136.512695 0.000000 1983.680664 0.000000 0.396741 0.000000 -0.917931 1.000000 1.000000 1.000000
4133.849609 0.000000 1975.823975 0.000000 0.195705 0.000000 -0.980663 1.000000 1.000000 1.000000
4165.222168 0.000000 2014.197632 0.000000 0.953403 0.000000 -0.301698 1.000000 1.000000 1.000000
4135.086426 0.000000 1978.664429 0.000000 0.807371 0.000000 0.590044 1.000000 1.000000 1.000000
4136.130371 0.000000 1979.797363 0.000000 0.990523 0.000000 -0.137348 1.000000 1.000000 1.000000
4138.512695 0.000000 1979.813843 0.000000 0.768390 0.000000 -0.639982 1.000000 1.000000 1.000000
4139.779297 0.000000 1978.143433 0.000000 0.954625 0.000000 -0.297810 1.000000 1.000000 1.000000
4142.434082 0.000000 1986.519165 0.000000 0.491357 0.000000 -0.870958 1.000000 1.000000 1.000000
4143.469727 0.000000 1987.301147 0.000000 0.911470 0.000000 0.411367 1.000000 1.000000 1.000000
4137.238770 0.000000 1977.346191 0.000000 0.037368 0.000000 -0.999302 1.000000 1.000000 1.000000
4142.527344 0.000000 1985.246338 0.000000 0.738674 0.000000 0.674063 1.000000 1.000000 1.000000
4137.353516 0.000000 1979.298828 0.000000 0.213538 0.000000 0.976935 1.000000 1.000000 1.000000
4144.102539 0.000000 1989.750000 0.000000 0.906150 0.000000 -0.422957 1.000000 1.000000 1.000000
4147.569824 0.000000 1989.293701 0.000000 0.571636 0.000000 -0.820508 1.000000 1.000000 1.000000
4143.255859 0.000000 1984.224243 0.000000 0.999657 0.000000 -0.026175 1.000000 1.000000 1.000000
4145.920410 0.000000 1990.717896 0.000000 0.953623 0.000000 -0.301004 1.000000 1.000000 1.000000
4135.519043 0.000000 1977.615234 0.000000 0.922811 0.000000 -0.385254 1.000000 1.000000 1.000000
4141.291016 0.000000 1984.775513 0.000000 0.216002 0.000000 -0.976393 1.000000 1.000000 1.000000
4139.586426 0.000000 1980.620972 0.000000 0.716426 0.000000 -0.697663 1.000000 1.000000 1.000000
4156.012695 0.000000 2021.555542 0.000000 0.143562 0.000000 0.989641 1.000000 1.000000 1.000000
4159.489258 0.000000 2023.808105 0.000000 0.922756 0.000000 0.385384 1.000000 1.000000 1.000000
4163.206543 0.000000 2015.822388 0.000000 0.279045 0.000000 -0.960278 1.000000 1.000000 1.000000
"}
