object={
	name="tree_jungle_01_c_generator_1_0"
	render_pass=Map
	clamp_to_water_level=no
	generated_content=yes
	layer="tree_high_layer"
	pdxmesh="tree_jungle_01_c_mesh"
	count=423
	transform="2289.825195 0.000000 1280.089844 0.000000 0.154330 0.000000 -0.988019 0.944538 0.944538 0.944538
2291.424072 0.000000 1287.631836 0.000000 0.099157 0.000000 0.995072 0.757831 0.757831 0.757831
2127.344238 0.000000 2097.625977 0.000000 0.680382 0.000000 -0.732858 0.907392 0.907392 0.907392
2128.698730 0.000000 2108.168701 0.000000 0.924953 0.000000 0.380081 0.891240 0.891240 0.891240
2141.071777 0.000000 2094.435547 0.000000 0.340211 0.000000 -0.940349 0.946740 0.946740 0.946740
2152.249756 0.000000 2107.360840 0.000000 0.695697 0.000000 0.718335 0.887395 0.887395 0.887395
2156.147705 0.000000 2089.112793 0.000000 0.973758 0.000000 -0.227586 0.906191 0.906191 0.906191
2127.148438 0.000000 2089.648193 0.000000 0.999830 0.000000 0.018436 0.899710 0.899710 0.899710
2146.691650 0.000000 2100.469482 0.000000 0.977723 0.000000 0.209899 0.891447 0.891447 0.891447
2149.752441 0.000000 2092.749268 0.000000 0.225785 0.000000 -0.974177 0.936212 0.936212 0.936212
2135.388184 0.000000 2109.184326 0.000000 0.624892 0.000000 0.780711 0.863770 0.863770 0.863770
2133.231445 0.000000 2092.865723 0.000000 0.234427 0.000000 0.972134 0.876018 0.876018 0.876018
2128.504639 0.000000 2084.265869 0.000000 0.614131 0.000000 0.789204 0.881608 0.881608 0.881608
2141.639160 0.000000 2099.514648 0.000000 0.273993 0.000000 0.961732 0.838978 0.838978 0.838978
2156.697998 0.000000 2052.305664 0.000000 0.738825 0.000000 -0.673897 0.934892 0.934892 0.934892
2121.620850 0.000000 2098.800293 0.000000 0.687145 0.000000 -0.726521 0.912791 0.912791 0.912791
2145.571777 0.000000 2104.734863 0.000000 0.226880 0.000000 0.973923 0.833667 0.833667 0.833667
2149.995605 0.000000 2097.283447 0.000000 0.182123 0.000000 -0.983276 0.940533 0.940533 0.940533
2145.015381 0.000000 2096.248535 0.000000 0.218169 0.000000 -0.975911 0.951599 0.951599 0.951599
2154.358154 0.000000 2049.300049 0.000000 0.101362 0.000000 0.994850 0.847180 0.847180 0.847180
2153.203369 0.000000 2053.552246 0.000000 0.694600 0.000000 0.719397 0.862114 0.862114 0.862114
2143.030273 0.000000 2107.700684 0.000000 0.918609 0.000000 -0.395168 0.920082 0.920082 0.920082
2138.446289 0.000000 2107.563232 0.000000 0.949822 0.000000 -0.312792 0.915726 0.915726 0.915726
2143.015381 0.000000 2102.629639 0.000000 0.195027 0.000000 0.980798 0.822790 0.822790 0.822790
2139.169189 0.000000 2097.351807 0.000000 0.998442 0.000000 -0.055806 0.902384 0.902384 0.902384
2170.544922 0.000000 2070.832275 0.000000 0.232398 0.000000 -0.972621 0.930024 0.930024 0.930024
2176.548340 0.000000 2088.117188 0.000000 0.501900 0.000000 0.864926 0.874172 0.874172 0.874172
2199.336426 0.000000 2097.625977 0.000000 0.992810 0.000000 -0.119700 0.900809 0.900809 0.900809
2159.960938 0.000000 2081.001709 0.000000 0.938682 0.000000 0.344784 0.886554 0.886554 0.886554
2175.100586 0.000000 2058.922852 0.000000 0.997640 0.000000 0.068657 0.899228 0.899228 0.899228
2171.675293 0.000000 2099.894775 0.000000 0.695941 0.000000 -0.718099 0.921599 0.921599 0.921599
2161.454834 0.000000 2107.084717 0.000000 0.893746 0.000000 -0.448573 0.904181 0.904181 0.904181
2179.510254 0.000000 2077.984863 0.000000 0.967762 0.000000 -0.251866 0.902860 0.902860 0.902860
2166.734619 0.000000 2088.887207 0.000000 0.093760 0.000000 0.995595 0.866816 0.866816 0.866816
2170.422363 0.000000 2080.260986 0.000000 0.202775 0.000000 -0.979225 0.930706 0.930706 0.930706
2192.599854 0.000000 2103.708984 0.000000 0.366771 0.000000 0.930311 0.881201 0.881201 0.881201
2184.881104 0.000000 2084.993164 0.000000 0.972235 0.000000 0.234005 0.896285 0.896285 0.896285
2179.743896 0.000000 2096.345215 0.000000 0.911126 0.000000 0.412128 0.884729 0.884729 0.884729
2175.094971 0.000000 2107.654297 0.000000 0.644350 0.000000 -0.764731 0.921518 0.921518 0.921518
2178.632812 0.000000 2066.487549 0.000000 0.183597 0.000000 0.983002 0.887542 0.887542 0.887542
2168.078125 0.000000 2063.030762 0.000000 0.932256 0.000000 0.361800 0.888355 0.888355 0.888355
2159.835205 0.000000 2054.296387 0.000000 0.407588 0.000000 0.913166 0.843105 0.843105 0.843105
2182.420166 0.000000 2111.628418 0.000000 0.841669 0.000000 0.539994 0.884620 0.884620 0.884620
2168.389160 0.000000 2056.343506 0.000000 0.494409 0.000000 0.869229 0.864489 0.864489 0.864489
2207.380371 0.000000 2109.184326 0.000000 0.745478 0.000000 -0.666530 0.908196 0.908196 0.908196
2172.383789 0.000000 2093.175293 0.000000 0.543360 0.000000 -0.839500 0.926865 0.926865 0.926865
2194.508301 0.000000 2093.844482 0.000000 0.948463 0.000000 -0.316889 0.904347 0.904347 0.904347
2176.642334 0.000000 2072.538574 0.000000 0.281801 0.000000 -0.959473 0.914438 0.914438 0.914438
2160.632812 0.000000 2089.747070 0.000000 0.231569 0.000000 -0.972819 0.933048 0.933048 0.933048
2188.665771 0.000000 2108.497070 0.000000 0.203194 0.000000 -0.979138 0.924557 0.924557 0.924557
2182.411377 0.000000 2090.708252 0.000000 0.949273 0.000000 -0.314454 0.907906 0.907906 0.907906
2177.817383 0.000000 2102.058594 0.000000 0.822944 0.000000 0.568123 0.879636 0.879636 0.879636
2165.272705 0.000000 2083.300293 0.000000 0.999997 0.000000 -0.002476 0.900078 0.900078 0.900078
2169.294189 0.000000 2105.336670 0.000000 0.407536 0.000000 -0.913189 0.925863 0.925863 0.925863
2173.373291 0.000000 2064.302734 0.000000 0.571113 0.000000 0.820871 0.882691 0.882691 0.882691
2195.684082 0.000000 2111.149170 0.000000 0.986850 0.000000 0.161639 0.896352 0.896352 0.896352
2171.675293 0.000000 2085.630615 0.000000 0.702588 0.000000 0.711597 0.882210 0.882210 0.882210
2176.351074 0.000000 2082.412842 0.000000 0.307979 0.000000 -0.951393 0.922608 0.922608 0.922608
2212.717041 0.000000 2110.313477 0.000000 0.253203 0.000000 -0.967413 0.929542 0.929542 0.929542
2174.431152 0.000000 2077.117676 0.000000 0.632139 0.000000 0.774855 0.886057 0.886057 0.886057
2163.854492 0.000000 2058.459717 0.000000 0.921290 0.000000 -0.388876 0.919743 0.919743 0.919743
2193.613037 0.000000 2098.800293 0.000000 0.835465 0.000000 -0.549544 0.910458 0.910458 0.910458
2196.097656 0.000000 2106.609131 0.000000 0.658458 0.000000 -0.752618 0.917230 0.917230 0.917230
2170.092041 0.000000 2075.444092 0.000000 0.061560 0.000000 0.998103 0.869481 0.869481 0.869481
2180.019775 0.000000 2107.633789 0.000000 0.774555 0.000000 0.632506 0.881536 0.881536 0.881536
2175.084717 0.000000 2096.827393 0.000000 0.606651 0.000000 -0.794968 0.930972 0.930972 0.930972
2166.151855 0.000000 2071.401123 0.000000 0.471491 0.000000 0.881871 0.868459 0.868459 0.868459
2161.322510 0.000000 2085.358643 0.000000 0.373708 0.000000 -0.927547 0.937364 0.937364 0.937364
2176.840576 0.000000 2092.672363 0.000000 0.854903 0.000000 -0.518789 0.915932 0.915932 0.915932
2170.961182 0.000000 2059.682861 0.000000 0.985144 0.000000 -0.171733 0.904653 0.904653 0.904653
2164.704590 0.000000 2054.158691 0.000000 0.804057 0.000000 -0.594552 0.928612 0.928612 0.928612
2173.650635 0.000000 2103.700684 0.000000 0.389536 0.000000 0.921011 0.865805 0.865805 0.865805
2168.570068 0.000000 2067.021729 0.000000 0.960621 0.000000 0.277861 0.892408 0.892408 0.892408
2184.567627 0.000000 2108.069580 0.000000 0.129617 0.000000 0.991564 0.864389 0.864389 0.864389
2159.976074 0.000000 2057.977539 0.000000 0.783569 0.000000 0.621305 0.865354 0.865354 0.865354
2167.353760 0.000000 2059.596436 0.000000 0.164957 0.000000 0.986301 0.843173 0.843173 0.843173
2163.353760 0.000000 2080.320557 0.000000 0.987214 0.000000 -0.159399 0.905395 0.905395 0.905395
2162.392578 0.000000 2051.543701 0.000000 0.330673 0.000000 -0.943745 0.952671 0.952671 0.952671
2162.406494 0.000000 2055.912598 0.000000 0.261300 0.000000 0.965258 0.835421 0.835421 0.835421
2137.917969 0.000000 2115.272949 0.000000 0.537248 0.000000 0.843424 0.881960 0.881960 0.881960
2129.101562 0.000000 2112.062256 0.000000 0.550607 0.000000 0.834764 0.886684 0.886684 0.886684
2149.559570 0.000000 2134.097412 0.000000 0.585576 0.000000 0.810618 0.885134 0.885134 0.885134
2137.642578 0.000000 2111.752686 0.000000 0.716283 0.000000 0.697810 0.872234 0.872234 0.872234
2150.468994 0.000000 2131.530273 0.000000 0.687515 0.000000 0.726170 0.843390 0.843390 0.843390
2190.277344 0.000000 2111.966797 0.000000 0.576095 0.000000 -0.817383 0.917200 0.917200 0.917200
2170.478027 0.000000 2121.696045 0.000000 0.602907 0.000000 -0.797811 0.914527 0.914527 0.914527
2177.092773 0.000000 2119.786865 0.000000 0.045983 0.000000 -0.998942 0.947965 0.947965 0.947965
2203.945312 0.000000 2118.097412 0.000000 0.998128 0.000000 0.061164 0.897525 0.897525 0.897525
2179.407471 0.000000 2133.708984 0.000000 0.961538 0.000000 -0.274671 0.905002 0.905002 0.905002
2182.561523 0.000000 2122.789307 0.000000 0.993896 0.000000 -0.110318 0.903726 0.903726 0.903726
2195.746094 0.000000 2113.410645 0.000000 0.742637 0.000000 -0.669694 0.916488 0.916488 0.916488
2173.351562 0.000000 2127.963379 0.000000 0.329687 0.000000 -0.944090 0.922196 0.922196 0.922196
2198.898682 0.000000 2117.421631 0.000000 0.823749 0.000000 0.566954 0.883747 0.883747 0.883747
2212.939941 0.000000 2111.898193 0.000000 0.401300 0.000000 -0.915947 0.926016 0.926016 0.926016
2175.136719 0.000000 2123.886230 0.000000 0.283248 0.000000 -0.959047 0.931726 0.931726 0.931726
2186.033203 0.000000 2113.437988 0.000000 0.967796 0.000000 -0.251737 0.905718 0.905718 0.905718
2178.798584 0.000000 2123.310059 0.000000 0.999969 0.000000 -0.007874 0.900283 0.900283 0.900283
2178.007080 0.000000 2116.202393 0.000000 0.755002 0.000000 0.655723 0.875897 0.875897 0.875897
2180.844238 0.000000 2119.596680 0.000000 0.719421 0.000000 -0.694574 0.927604 0.927604 0.927604
2182.095459 0.000000 2126.310791 0.000000 0.385351 0.000000 -0.922770 0.939608 0.939608 0.939608
2202.760742 0.000000 2121.671631 0.000000 0.958649 0.000000 0.284591 0.889625 0.889625 0.889625
2583.590820 0.000000 1945.770264 0.000000 0.298616 0.000000 0.954373 0.857279 0.857279 0.857279
2580.815430 0.000000 1944.947021 0.000000 0.954376 0.000000 0.298607 0.881604 0.881604 0.881604
2573.144287 0.000000 1942.263794 0.000000 0.966999 0.000000 0.254780 0.845588 0.845588 0.845588
2572.923828 0.000000 1944.709595 0.000000 0.934263 0.000000 0.356585 0.783668 0.783668 0.783668
2571.043945 0.000000 1953.269409 0.000000 0.825530 0.000000 0.564358 0.595496 0.595496 0.595496
2580.169189 0.000000 1947.337769 0.000000 0.406713 0.000000 0.913556 0.239985 0.239985 0.239985
2662.066650 0.000000 2001.956543 0.000000 0.044046 0.000000 -0.999030 1.023495 1.023495 1.023495
2662.172852 0.000000 1999.837158 0.000000 0.782088 0.000000 0.623168 0.816858 0.816858 0.816858
2657.245361 0.000000 1997.786499 0.000000 0.061095 0.000000 0.998132 0.475993 0.475993 0.475993
2662.999756 0.000000 2006.802368 0.000000 0.846022 0.000000 0.533148 0.754701 0.754701 0.754701
2663.724854 0.000000 2007.351807 0.000000 0.261719 0.000000 0.965144 0.562541 0.562541 0.562541
2786.741699 0.000000 2083.296631 0.000000 0.477923 0.000000 -0.878402 0.984343 0.984343 0.984343
2858.289551 0.000000 2054.698486 0.000000 0.705898 0.000000 -0.708313 0.921222 0.921222 0.921222
2871.120361 0.000000 2102.533936 0.000000 0.129352 0.000000 0.991599 0.809337 0.809337 0.809337
2865.493652 0.000000 2104.734863 0.000000 0.998154 0.000000 0.060735 0.893446 0.893446 0.893446
2855.021729 0.000000 2050.729736 0.000000 0.987278 0.000000 -0.159004 0.907893 0.907893 0.907893
2860.568848 0.000000 2053.269531 0.000000 0.889579 0.000000 -0.456781 0.938371 0.938371 0.938371
2856.151367 0.000000 2053.210693 0.000000 0.054768 0.000000 -0.998499 0.998783 0.998783 0.998783
2870.329834 0.000000 2063.237305 0.000000 0.338914 0.000000 0.940817 0.806414 0.806414 0.806414
2868.488525 0.000000 2070.339600 0.000000 0.905828 0.000000 -0.423645 0.933420 0.933420 0.933420
2860.055908 0.000000 2051.475586 0.000000 0.522481 0.000000 0.852651 0.755468 0.755468 0.755468
2856.718018 0.000000 2050.001465 0.000000 0.869846 0.000000 0.493324 0.839722 0.839722 0.839722
2820.356934 0.000000 2072.299561 0.000000 0.811217 0.000000 0.584745 0.765280 0.765280 0.765280
2920.612793 0.000000 2012.184448 0.000000 0.975366 0.000000 0.220591 0.897501 0.897501 0.897501
2900.161377 0.000000 2017.191406 0.000000 0.678900 0.000000 -0.734230 0.920379 0.920379 0.920379
2895.813477 0.000000 2030.598145 0.000000 0.155711 0.000000 -0.987803 0.982631 0.982631 0.982631
2980.461182 0.000000 2027.643677 0.000000 0.999948 0.000000 0.010207 0.899794 0.899794 0.899794
2997.911377 0.000000 2032.030273 0.000000 0.720997 0.000000 -0.692938 0.930962 0.930962 0.930962
2992.466797 0.000000 2023.884399 0.000000 0.737231 0.000000 -0.675641 0.936670 0.936670 0.936670
2980.568359 0.000000 2024.533691 0.000000 0.876005 0.000000 -0.482302 0.932794 0.932794 0.932794
3032.593506 0.000000 2043.276733 0.000000 0.781496 0.000000 -0.623910 0.922707 0.922707 0.922707
3088.829590 0.000000 2062.653320 0.000000 0.940635 0.000000 -0.339420 0.905447 0.905447 0.905447
3035.730957 0.000000 2048.082031 0.000000 0.986381 0.000000 0.164474 0.892946 0.892946 0.892946
3040.128174 0.000000 2034.753418 0.000000 0.774537 0.000000 -0.632529 0.918464 0.918464 0.918464
3035.314697 0.000000 2040.264404 0.000000 0.903087 0.000000 0.429458 0.864094 0.864094 0.864094
3027.623535 0.000000 2047.995850 0.000000 0.377918 0.000000 0.925839 0.852145 0.852145 0.852145
3090.605713 0.000000 2060.035645 0.000000 0.999708 0.000000 -0.024164 0.901575 0.901575 0.901575
3072.273926 0.000000 2036.099609 0.000000 0.416595 0.000000 -0.909092 0.956406 0.956406 0.956406
3037.757812 0.000000 2041.610107 0.000000 0.919525 0.000000 -0.393032 0.927227 0.927227 0.927227
3037.865479 0.000000 2043.252686 0.000000 0.642887 0.000000 -0.765961 1.047037 1.047037 1.047037
3105.990479 0.000000 2075.444092 0.000000 0.790683 0.000000 0.612226 0.885196 0.885196 0.885196
3102.050293 0.000000 2071.401123 0.000000 0.885724 0.000000 -0.464212 0.921693 0.921693 0.921693
3196.490479 0.000000 1994.963013 0.000000 0.998111 0.000000 0.061444 0.896408 0.896408 0.896408
3182.625977 0.000000 1998.350708 0.000000 0.676895 0.000000 -0.736079 0.961339 0.961339 0.961339
3275.566895 0.000000 2015.164795 0.000000 0.893416 0.000000 0.449230 0.887438 0.887438 0.887438
3273.329346 0.000000 2014.465820 0.000000 0.979398 0.000000 0.201940 0.883095 0.883095 0.883095
3271.722656 0.000000 2013.883423 0.000000 0.896932 0.000000 0.442168 0.676683 0.676683 0.676683
3269.518311 0.000000 2011.337891 0.000000 0.821398 0.000000 -0.570355 1.120923 1.120923 1.120923
3274.401611 0.000000 2011.422485 0.000000 0.460810 0.000000 -0.887499 1.128162 1.128162 1.128162
3270.893555 0.000000 2011.489014 0.000000 0.763147 0.000000 -0.646224 1.201537 1.201537 1.201537
3273.736328 0.000000 2013.207031 0.000000 0.636296 0.000000 -0.771445 1.266255 1.266255 1.266255
3269.232666 0.000000 2010.111816 0.000000 0.999989 0.000000 -0.004746 0.901727 0.901727 0.901727
3273.179932 0.000000 2011.332520 0.000000 0.995147 0.000000 0.098396 0.853497 0.853497 0.853497
3266.891113 0.000000 2010.755371 0.000000 0.695815 0.000000 0.718221 0.674962 0.674962 0.674962
3271.490234 0.000000 2012.395630 0.000000 0.842378 0.000000 -0.538888 1.177487 1.177487 1.177487
3272.730713 0.000000 2013.518799 0.000000 0.999323 0.000000 0.036782 0.884707 0.884707 0.884707
3270.675781 0.000000 2013.820190 0.000000 0.473300 0.000000 0.880901 0.374509 0.374509 0.374509
3273.722412 0.000000 2012.198120 0.000000 0.997351 0.000000 -0.072734 0.930260 0.930260 0.930260
3220.445068 0.000000 2026.338013 0.000000 0.791850 0.000000 0.610716 0.811432 0.811432 0.811432
3224.424561 0.000000 2026.473999 0.000000 0.981482 0.000000 0.191557 0.870117 0.870117 0.870117
3225.974609 0.000000 2027.267700 0.000000 0.862897 0.000000 0.505380 0.817859 0.817859 0.817859
3223.479980 0.000000 2026.877197 0.000000 0.526683 0.000000 0.850062 0.498179 0.498179 0.498179
3334.528809 0.000000 1970.858154 0.000000 0.148539 0.000000 0.988907 0.650835 0.650835 0.650835
3323.048340 0.000000 1998.564697 0.000000 0.874918 0.000000 0.484271 0.715989 0.715989 0.715989
3320.926758 0.000000 1997.000000 0.000000 0.960252 0.000000 -0.279133 0.957842 0.957842 0.957842
3323.770020 0.000000 1999.546631 0.000000 0.483066 0.000000 -0.875584 1.288254 1.288254 1.288254
3322.780029 0.000000 1995.136353 0.000000 0.971619 0.000000 -0.236550 1.010537 1.010537 1.010537
3335.309082 0.000000 1969.869507 0.000000 0.993189 0.000000 -0.116512 0.944605 0.944605 0.944605
3321.069580 0.000000 1995.909424 0.000000 0.997932 0.000000 -0.064277 0.936853 0.936853 0.936853
3320.529785 0.000000 1995.025146 0.000000 0.744977 0.000000 -0.667090 1.318429 1.318429 1.318429
3334.587891 0.000000 1968.354126 0.000000 0.672608 0.000000 -0.739999 1.218209 1.218209 1.218209
3868.547607 0.000000 1817.070923 0.000000 0.872009 0.000000 0.489489 0.833341 0.833341 0.833341
3854.960938 0.000000 1801.694946 0.000000 0.997468 0.000000 -0.071119 0.907197 0.907197 0.907197
3862.712891 0.000000 1811.461914 0.000000 0.944731 0.000000 0.327845 0.876734 0.876734 0.876734
3868.537354 0.000000 1822.360352 0.000000 0.903661 0.000000 -0.428248 0.974578 0.974578 0.974578
3869.451660 0.000000 1811.561523 0.000000 0.394349 0.000000 -0.918961 0.926186 0.926186 0.926186
3864.053955 0.000000 1816.036133 0.000000 0.688176 0.000000 0.725543 0.852574 0.852574 0.852574
3865.479004 0.000000 1803.191528 0.000000 0.591509 0.000000 0.806298 0.883142 0.883142 0.883142
3856.836914 0.000000 1805.752075 0.000000 0.364468 0.000000 -0.931216 0.969971 0.969971 0.969971
3864.269043 0.000000 1807.572144 0.000000 0.441836 0.000000 -0.897096 1.082583 1.082583 1.082583
3859.024170 0.000000 1801.190186 0.000000 0.362669 0.000000 -0.931918 1.102164 1.102164 1.102164
3866.204590 0.000000 1813.084595 0.000000 0.910208 0.000000 -0.414150 0.971958 0.971958 0.971958
3866.258789 0.000000 1819.609985 0.000000 0.050630 0.000000 -0.998717 1.156170 1.156170 1.156170
3866.981689 0.000000 1809.398682 0.000000 0.647676 0.000000 -0.761916 0.997320 0.997320 0.997320
3862.513184 0.000000 1801.966064 0.000000 0.949198 0.000000 -0.314680 0.921578 0.921578 0.921578
3856.703613 0.000000 1799.449463 0.000000 0.386214 0.000000 -0.922409 0.952769 0.952769 0.952769
3857.290771 0.000000 1803.210327 0.000000 0.011372 0.000000 -0.999935 1.162789 1.162789 1.162789
3863.564453 0.000000 1805.017944 0.000000 0.182968 0.000000 -0.983119 1.133698 1.133698 1.133698
3854.598633 0.000000 1807.256592 0.000000 0.809757 0.000000 -0.586766 0.978900 0.978900 0.978900
3861.668945 0.000000 1807.562988 0.000000 0.870761 0.000000 -0.491706 0.940425 0.940425 0.940425
3868.357666 0.000000 1814.599731 0.000000 0.614012 0.000000 -0.789297 0.994020 0.994020 0.994020
3866.434326 0.000000 1815.995972 0.000000 0.999710 0.000000 -0.024097 0.904061 0.904061 0.904061
3864.621582 0.000000 1809.923340 0.000000 0.999265 0.000000 0.038342 0.893537 0.893537 0.893537
3856.947998 0.000000 1808.124634 0.000000 0.820302 0.000000 0.571931 0.832966 0.832966 0.832966
3860.405273 0.000000 1811.759521 0.000000 0.810338 0.000000 0.585962 0.794497 0.794497 0.794497
3868.578125 0.000000 1820.034668 0.000000 0.102055 0.000000 0.994779 0.652522 0.652522 0.652522
3860.257324 0.000000 1802.965332 0.000000 0.208463 0.000000 -0.978030 1.129317 1.129317 1.129317
3860.995117 0.000000 1800.541138 0.000000 0.768650 0.000000 0.639670 0.809549 0.809549 0.809549
3867.424805 0.000000 1811.501099 0.000000 0.870122 0.000000 -0.492836 0.985687 0.985687 0.985687
3864.686279 0.000000 1811.850708 0.000000 0.725954 0.000000 0.687744 0.772201 0.772201 0.772201
3859.244873 0.000000 1813.216431 0.000000 0.085814 0.000000 -0.996311 1.086836 1.086836 1.086836
3856.804688 0.000000 1801.410034 0.000000 0.670038 0.000000 0.742327 0.759029 0.759029 0.759029
3862.972900 0.000000 1808.912476 0.000000 0.937987 0.000000 -0.346671 0.958863 0.958863 0.958863
3867.160645 0.000000 1821.177979 0.000000 0.329641 0.000000 0.944106 0.691903 0.691903 0.691903
3869.561035 0.000000 1818.585938 0.000000 0.828856 0.000000 -0.559462 0.988048 0.988048 0.988048
3862.384277 0.000000 1803.801025 0.000000 0.932247 0.000000 0.361823 0.837611 0.837611 0.837611
3867.098389 0.000000 1817.982910 0.000000 0.924304 0.000000 -0.381657 0.965989 0.965989 0.965989
3865.826904 0.000000 1808.164917 0.000000 0.746882 0.000000 -0.664956 1.022585 1.022585 1.022585
3859.305908 0.000000 1810.565674 0.000000 0.868077 0.000000 0.496429 0.826465 0.826465 0.826465
3862.948486 0.000000 1806.535645 0.000000 0.873775 0.000000 -0.486331 0.985587 0.985587 0.985587
3865.962646 0.000000 1810.879761 0.000000 0.995941 0.000000 0.090005 0.884812 0.884812 0.884812
3867.836670 0.000000 1813.040283 0.000000 0.826975 0.000000 -0.562238 1.000620 1.000620 1.000620
3866.805908 0.000000 1814.490479 0.000000 0.929483 0.000000 0.368866 0.836336 0.836336 0.836336
3863.881836 0.000000 1803.523560 0.000000 0.744774 0.000000 -0.667316 1.023118 1.023118 1.023118
3858.763428 0.000000 1802.924194 0.000000 0.999122 0.000000 -0.041896 0.907062 0.907062 0.907062
3826.242676 0.000000 1888.292114 0.000000 0.927119 0.000000 0.374767 0.841307 0.841307 0.841307
3834.453125 0.000000 1874.518799 0.000000 0.893997 0.000000 -0.448073 0.978294 0.978294 0.978294
3838.325928 0.000000 1868.093750 0.000000 0.207859 0.000000 0.978159 0.750112 0.750112 0.750112
3848.240479 0.000000 1851.811523 0.000000 0.880180 0.000000 0.474640 0.826660 0.826660 0.826660
3857.437500 0.000000 1853.776855 0.000000 0.999093 0.000000 0.042583 0.896842 0.896842 0.896842
3832.462646 0.000000 1880.569824 0.000000 0.466089 0.000000 0.884738 0.780441 0.780441 0.780441
3821.093018 0.000000 1891.331421 0.000000 0.341093 0.000000 -0.940030 1.106049 1.106049 1.106049
3836.253662 0.000000 1863.176392 0.000000 0.630875 0.000000 0.775885 0.750337 0.750337 0.750337
3844.479980 0.000000 1855.585083 0.000000 0.878992 0.000000 -0.476836 0.983762 0.983762 0.983762
3830.251465 0.000000 1885.149048 0.000000 0.835089 0.000000 0.550116 0.838485 0.838485 0.838485
3859.430420 0.000000 1848.079346 0.000000 0.127722 0.000000 -0.991810 1.049116 1.049116 1.049116
3851.695312 0.000000 1869.959229 0.000000 0.996884 0.000000 -0.078884 0.904968 0.904968 0.904968
3853.126709 0.000000 1851.611816 0.000000 0.251407 0.000000 0.967882 0.678120 0.678120 0.678120
3868.760254 0.000000 1823.944824 0.000000 0.999144 0.000000 -0.041379 0.906975 0.906975 0.906975
3830.530029 0.000000 1876.535889 0.000000 0.998638 0.000000 0.052179 0.894370 0.894370 0.894370
3860.179688 0.000000 1857.036011 0.000000 0.922192 0.000000 0.386732 0.869665 0.869665 0.869665
3834.188477 0.000000 1870.195435 0.000000 0.823964 0.000000 0.566643 0.828260 0.828260 0.828260
3861.241211 0.000000 1853.393066 0.000000 0.179450 0.000000 0.983767 0.756296 0.756296 0.756296
3836.783203 0.000000 1859.503296 0.000000 0.979541 0.000000 -0.201245 0.934146 0.934146 0.934146
3834.884277 0.000000 1866.604126 0.000000 0.995579 0.000000 0.093932 0.892391 0.892391 0.892391
3854.698975 0.000000 1865.165161 0.000000 0.838055 0.000000 -0.545586 0.997249 0.997249 0.997249
3856.500977 0.000000 1850.215576 0.000000 0.900159 0.000000 -0.435562 0.975944 0.975944 0.975944
3847.317871 0.000000 1865.130127 0.000000 0.977392 0.000000 -0.211436 0.906702 0.906702 0.906702
3823.827881 0.000000 1893.491699 0.000000 0.970755 0.000000 0.240071 0.870584 0.870584 0.870584
3837.311279 0.000000 1871.624756 0.000000 0.704162 0.000000 -0.710040 1.033053 1.033053 1.033053
3822.865967 0.000000 1888.346069 0.000000 0.999745 0.000000 -0.022561 0.903802 0.903802 0.903802
3841.292236 0.000000 1854.411987 0.000000 0.509837 0.000000 -0.860271 1.025676 1.025676 1.025676
3833.471436 0.000000 1877.631592 0.000000 0.819123 0.000000 0.573618 0.797050 0.797050 0.797050
3833.092529 0.000000 1883.985962 0.000000 0.781437 0.000000 -0.623984 0.930281 0.930281 0.930281
3850.564941 0.000000 1849.776001 0.000000 0.762004 0.000000 -0.647573 0.939568 0.939568 0.939568
3847.563721 0.000000 1854.709595 0.000000 0.184252 0.000000 0.982879 0.666522 0.666522 0.666522
3868.764648 0.000000 1826.906982 0.000000 1.000000 0.000000 0.000507 0.899929 0.899929 0.899929
3824.592041 0.000000 1890.653809 0.000000 0.714900 0.000000 0.699226 0.788653 0.788653 0.788653
3824.312012 0.000000 1885.825806 0.000000 0.830153 0.000000 0.557536 0.870765 0.870765 0.870765
3859.281982 0.000000 1851.226562 0.000000 0.770301 0.000000 0.637680 0.783473 0.783473 0.783473
3839.935547 0.000000 1870.471191 0.000000 0.988299 0.000000 0.152529 0.887270 0.887270 0.887270
3838.135498 0.000000 1865.305054 0.000000 0.302657 0.000000 -0.953100 1.010703 1.010703 1.010703
3871.244629 0.000000 1825.448486 0.000000 0.837650 0.000000 -0.546207 0.945441 0.945441 0.945441
3834.453369 0.000000 1861.093628 0.000000 0.452529 0.000000 0.891750 0.724327 0.724327 0.724327
3829.145752 0.000000 1879.009277 0.000000 0.727948 0.000000 -0.685632 0.947529 0.947529 0.947529
3845.465332 0.000000 1852.994263 0.000000 0.265764 0.000000 -0.964038 1.046250 1.046250 1.046250
3829.606445 0.000000 1887.735474 0.000000 0.917908 0.000000 -0.396794 0.967842 0.967842 0.967842
3842.161377 0.000000 1856.910522 0.000000 0.494245 0.000000 -0.869323 1.077588 1.077588 1.077588
3834.668945 0.000000 1857.777954 0.000000 0.318135 0.000000 0.948045 0.799130 0.799130 0.799130
3858.942871 0.000000 1862.517090 0.000000 0.659636 0.000000 -0.751585 0.951594 0.951594 0.951594
3852.954834 0.000000 1849.007812 0.000000 0.172804 0.000000 -0.984956 1.003593 1.003593 1.003593
3855.454590 0.000000 1852.458984 0.000000 0.970724 0.000000 0.240199 0.879289 0.879289 0.879289
3836.324463 0.000000 1869.276245 0.000000 0.320200 0.000000 0.947350 0.690221 0.690221 0.690221
3831.019775 0.000000 1882.977661 0.000000 0.973114 0.000000 0.230325 0.861357 0.861357 0.861357
3831.426758 0.000000 1878.590576 0.000000 0.595409 0.000000 0.803423 0.742770 0.742770 0.742770
3851.485840 0.000000 1866.722290 0.000000 0.332152 0.000000 0.943226 0.692351 0.692351 0.692351
3836.515625 0.000000 1873.751465 0.000000 0.962169 0.000000 -0.272452 0.946501 0.946501 0.946501
3867.013672 0.000000 1825.420776 0.000000 0.995107 0.000000 -0.098802 0.910229 0.910229 0.910229
3850.991943 0.000000 1852.391113 0.000000 0.501337 0.000000 0.865252 0.733187 0.733187 0.733187
3845.846191 0.000000 1857.398804 0.000000 0.933213 0.000000 -0.359324 0.949550 0.949550 0.949550
3859.425049 0.000000 1854.540283 0.000000 0.935735 0.000000 -0.352704 0.960743 0.960743 0.960743
3838.540283 0.000000 1858.281128 0.000000 0.240323 0.000000 0.970693 0.703050 0.703050 0.703050
3856.575928 0.000000 1863.936279 0.000000 0.949584 0.000000 0.313511 0.846262 0.846262 0.846262
3832.509766 0.000000 1875.740723 0.000000 0.720581 0.000000 -0.693371 1.018782 1.018782 1.018782
3834.298096 0.000000 1863.979980 0.000000 0.857548 0.000000 -0.514403 0.975269 0.975269 0.975269
3836.274170 0.000000 1856.562500 0.000000 0.828153 0.000000 -0.560502 0.996256 0.996256 0.996256
3840.293213 0.000000 1856.090942 0.000000 0.999217 0.000000 -0.039566 0.906669 0.906669 0.906669
3849.451172 0.000000 1865.665527 0.000000 0.472395 0.000000 -0.881387 1.016348 1.016348 1.016348
3854.543457 0.000000 1850.273438 0.000000 0.797243 0.000000 -0.603659 1.009213 1.009213 1.009213
3836.930664 0.000000 1861.403198 0.000000 0.978670 0.000000 -0.205439 0.934868 0.934868 0.934868
3856.548096 0.000000 1859.882812 0.000000 0.529303 0.000000 -0.848433 1.070711 1.070711 1.070711
3830.579102 0.000000 1880.309937 0.000000 0.939079 0.000000 -0.343702 0.959125 0.959125 0.959125
3835.426025 0.000000 1872.037231 0.000000 0.916284 0.000000 -0.400528 0.969445 0.969445 0.969445
3822.726562 0.000000 1890.241211 0.000000 0.941295 0.000000 -0.337586 0.958029 0.958029 0.958029
3852.532715 0.000000 1853.552612 0.000000 0.800790 0.000000 0.598945 0.827854 0.827854 0.827854
3836.676758 0.000000 1867.152954 0.000000 0.154969 0.000000 0.987919 0.661515 0.661515 0.661515
3849.159180 0.000000 1853.463623 0.000000 0.918585 0.000000 -0.395223 0.968470 0.968470 0.968470
3858.238281 0.000000 1857.948242 0.000000 0.330571 0.000000 -0.943781 1.107931 1.107931 1.107931
3824.545898 0.000000 1887.601929 0.000000 0.617496 0.000000 -0.786574 1.052549 1.052549 1.052549
3852.992188 0.000000 1865.744629 0.000000 0.587279 0.000000 -0.809385 1.058929 1.058929 1.058929
3857.494873 0.000000 1851.923340 0.000000 0.479879 0.000000 0.877334 0.719640 0.719640 0.719640
3854.767334 0.000000 1863.090454 0.000000 0.825486 0.000000 -0.564423 1.001065 1.001065 1.001065
3835.228271 0.000000 1877.382080 0.000000 0.966097 0.000000 0.258179 0.855994 0.855994 0.855994
3826.002686 0.000000 1886.585449 0.000000 0.119362 0.000000 -0.992851 1.144543 1.144543 1.144543
3857.677490 0.000000 1861.351562 0.000000 0.999797 0.000000 0.020172 0.896600 0.896600 0.896600
3838.430420 0.000000 1859.996094 0.000000 0.999623 0.000000 0.027468 0.895926 0.895926 0.895926
3842.800537 0.000000 1855.249146 0.000000 0.997353 0.000000 -0.072714 0.911937 0.911937 0.911937
3858.964600 0.000000 1852.906982 0.000000 0.497588 0.000000 -0.867414 1.076940 1.076940 1.076940
3834.718994 0.000000 1859.449951 0.000000 0.160789 0.000000 0.986989 0.672008 0.672008 0.672008
3845.947266 0.000000 1854.557251 0.000000 0.571018 0.000000 0.820937 0.737710 0.737710 0.737710
3834.082031 0.000000 1876.117798 0.000000 0.446228 0.000000 0.894919 0.713241 0.713241 0.713241
3847.098633 0.000000 1853.079834 0.000000 0.863150 0.000000 0.504948 0.810800 0.810800 0.810800
3869.571289 0.000000 1825.436157 0.000000 0.644020 0.000000 -0.765009 1.046788 1.046788 1.046788
3826.043701 0.000000 1889.904297 0.000000 0.778838 0.000000 -0.627225 1.003588 1.003588 1.003588
3849.745361 0.000000 1851.188354 0.000000 0.999837 0.000000 0.018031 0.897326 0.897326 0.897326
3852.065918 0.000000 1850.401367 0.000000 0.845438 0.000000 0.534073 0.805056 0.805056 0.805056
3837.809814 0.000000 1862.846802 0.000000 0.573022 0.000000 0.819540 0.738121 0.738121 0.738121
3832.971924 0.000000 1879.105469 0.000000 0.509599 0.000000 -0.860412 1.074597 1.074597 1.074597
3843.725098 0.000000 1856.973022 0.000000 0.899503 0.000000 -0.436914 0.976197 0.976197 0.976197
3826.157227 0.000000 1885.013550 0.000000 0.336338 0.000000 0.941741 0.695858 0.695858 0.695858
3846.674561 0.000000 1855.983765 0.000000 0.990851 0.000000 0.134960 0.877187 0.877187 0.877187
3832.004150 0.000000 1877.183228 0.000000 0.925534 0.000000 0.378666 0.834556 0.834556 0.834556
3839.917725 0.000000 1857.579468 0.000000 0.481055 0.000000 0.876691 0.719866 0.719866 0.719866
3824.249268 0.000000 1889.134644 0.000000 0.875204 0.000000 -0.483753 0.985091 0.985091 0.985091
3829.141602 0.000000 1886.274658 0.000000 0.547781 0.000000 0.836622 0.735212 0.735212 0.735212
3783.091797 0.000000 1930.667114 0.000000 0.463692 0.000000 -0.885996 0.924461 0.924461 0.924461
3802.223145 0.000000 1929.569702 0.000000 0.134317 0.000000 0.990938 0.816106 0.816106 0.816106
3796.892090 0.000000 1998.451172 0.000000 0.999321 0.000000 -0.036856 0.906212 0.906212 0.906212
3790.720703 0.000000 2003.430664 0.000000 0.482363 0.000000 0.875971 0.775281 0.775281 0.775281
3805.572754 0.000000 1996.764893 0.000000 0.977588 0.000000 -0.210528 0.910962 0.910962 0.910962
3785.445312 0.000000 1949.761230 0.000000 0.146354 0.000000 0.989232 0.660046 0.660046 0.660046
3806.345947 0.000000 1955.033691 0.000000 0.067164 0.000000 0.997742 0.646621 0.646621 0.646621
3797.997314 0.000000 1947.806519 0.000000 0.943715 0.000000 -0.330760 0.908332 0.908332 0.908332
3783.847900 0.000000 1936.659424 0.000000 0.934374 0.000000 0.356295 0.880355 0.880355 0.880355
3786.302490 0.000000 2006.802002 0.000000 0.483863 0.000000 0.875144 0.763508 0.763508 0.763508
3799.058350 0.000000 1925.163818 0.000000 0.284440 0.000000 -0.958694 0.954746 0.954746 0.954746
3787.951416 0.000000 1932.997925 0.000000 0.802079 0.000000 -0.597218 1.007856 1.007856 1.007856
3807.944824 0.000000 1990.280273 0.000000 0.999865 0.000000 0.016459 0.898743 0.898743 0.898743
3781.132080 0.000000 2006.000366 0.000000 0.954576 0.000000 -0.297967 0.950987 0.950987 0.950987
3795.224609 0.000000 1928.198608 0.000000 0.984835 0.000000 0.173494 0.869439 0.869439 0.869439
3801.661133 0.000000 1951.980469 0.000000 0.809884 0.000000 0.586590 0.873239 0.873239 0.873239
3801.366455 0.000000 1944.545288 0.000000 0.523310 0.000000 -0.852143 1.030643 1.030643 1.030643
3793.222656 0.000000 1937.177856 0.000000 0.318638 0.000000 -0.947877 0.925207 0.925207 0.925207
3800.835693 0.000000 2000.264038 0.000000 0.230971 0.000000 0.972961 0.869943 0.869943 0.869943
3790.859375 0.000000 1929.128906 0.000000 0.907895 0.000000 0.419198 0.842657 0.842657 0.842657
3792.276855 0.000000 1999.540894 0.000000 0.146017 0.000000 -0.989282 1.021606 1.021606 1.021606
3779.820312 0.000000 1935.580933 0.000000 0.183527 0.000000 0.983015 0.678856 0.678856 0.678856
3805.191162 0.000000 1992.825684 0.000000 0.342556 0.000000 0.939497 0.694214 0.694214 0.694214
3805.401367 0.000000 1951.592163 0.000000 0.897686 0.000000 -0.440636 0.976895 0.976895 0.976895
3784.508789 0.000000 1946.199951 0.000000 0.729655 0.000000 0.683816 0.835709 0.835709 0.835709
3809.023682 0.000000 1957.567871 0.000000 0.990664 0.000000 0.136324 0.895698 0.895698 0.895698
3783.062988 0.000000 2008.963135 0.000000 0.650156 0.000000 0.759801 0.760386 0.760386 0.760386
3794.989502 0.000000 2001.367432 0.000000 0.999774 0.000000 0.021254 0.896418 0.896418 0.896418
3784.701416 0.000000 1933.564331 0.000000 0.977438 0.000000 0.211222 0.864135 0.864135 0.864135
3801.849365 0.000000 1926.496704 0.000000 0.993391 0.000000 -0.114783 0.919385 0.919385 0.919385
3792.336914 0.000000 1926.297607 0.000000 0.823575 0.000000 -0.567208 0.927103 0.927103 0.927103
3785.933105 0.000000 2003.600464 0.000000 0.407462 0.000000 0.913222 0.843098 0.843098 0.843098
3800.987305 0.000000 1948.964478 0.000000 0.378175 0.000000 -0.925734 1.086061 1.086061 1.086061
3780.813965 0.000000 1932.714355 0.000000 0.995686 0.000000 0.092784 0.891023 0.891023 0.891023
3776.183105 0.000000 1935.213013 0.000000 0.778593 0.000000 0.627530 0.846652 0.846652 0.846652
3787.289795 0.000000 1947.210938 0.000000 0.087233 0.000000 -0.996188 1.003328 1.003328 1.003328
3799.528320 0.000000 1927.823730 0.000000 0.214254 0.000000 -0.976778 1.128318 1.128318 1.128318
3785.753418 0.000000 2009.389282 0.000000 0.722894 0.000000 -0.690959 0.961703 0.961703 0.961703
3790.526123 0.000000 1932.233521 0.000000 0.532457 0.000000 0.846457 0.745791 0.745791 0.745791
3803.450928 0.000000 1994.915161 0.000000 0.985052 0.000000 0.172256 0.870826 0.870826 0.870826
3807.858398 0.000000 1952.229492 0.000000 0.716164 0.000000 -0.697932 1.030180 1.030180 1.030180
3794.748047 0.000000 1939.221924 0.000000 0.780105 0.000000 0.625649 0.792164 0.792164 0.792164
3799.402100 0.000000 1998.065552 0.000000 0.827141 0.000000 0.561994 0.799430 0.799430 0.799430
3795.787354 0.000000 1953.575439 0.000000 0.588515 0.000000 -0.808486 1.039631 1.039631 1.039631
3806.913086 0.000000 1994.695312 0.000000 0.927876 0.000000 0.372889 0.872525 0.872525 0.872525
3794.343506 0.000000 1930.467896 0.000000 0.361893 0.000000 -0.932220 1.164344 1.164344 1.164344
3786.626221 0.000000 1935.127319 0.000000 0.988876 0.000000 0.148744 0.889936 0.889936 0.889936
3782.419922 0.000000 1934.589722 0.000000 0.977027 0.000000 -0.213114 0.936191 0.936191 0.936191
3788.873047 0.000000 1930.521240 0.000000 0.110110 0.000000 0.993919 0.653887 0.653887 0.653887
3799.187744 0.000000 1945.639160 0.000000 0.096907 0.000000 0.995293 0.681452 0.681452 0.681452
3808.710938 0.000000 1955.243652 0.000000 0.473744 0.000000 0.880663 0.808021 0.808021 0.808021
3802.967285 0.000000 1992.194580 0.000000 0.920387 0.000000 -0.391008 0.947840 0.947840 0.947840
3781.589844 0.000000 1937.282837 0.000000 0.156384 0.000000 0.987696 0.693522 0.693522 0.693522
3779.369629 0.000000 1937.769897 0.000000 0.306145 0.000000 -0.951985 1.112273 1.112273 1.112273
3786.012207 0.000000 1931.815918 0.000000 0.988553 0.000000 -0.150876 0.922800 0.922800 0.922800
3799.538330 0.000000 1961.623535 0.000000 0.915954 0.000000 -0.401282 0.969583 0.969583 0.969583
3806.889160 0.000000 1957.181152 0.000000 0.421530 0.000000 -0.906815 1.083724 1.083724 1.083724
3793.070801 0.000000 1928.507202 0.000000 0.504420 0.000000 0.863459 0.712683 0.712683 0.712683
3797.357910 0.000000 1928.423340 0.000000 0.367976 0.000000 -0.929835 1.101203 1.101203 1.101203
3803.928223 0.000000 1926.836914 0.000000 0.765560 0.000000 0.643364 0.835617 0.835617 0.835617
3796.199463 0.000000 1959.583618 0.000000 0.915236 0.000000 0.402919 0.861796 0.861796 0.861796
3787.432861 0.000000 1950.524658 0.000000 0.553419 0.000000 -0.832903 0.995103 0.995103 0.995103
3792.279053 0.000000 1930.835449 0.000000 0.382058 0.000000 0.924138 0.502713 0.502713 0.502713
3777.892334 0.000000 1936.297241 0.000000 0.625674 0.000000 0.780084 0.809527 0.809527 0.809527
3781.225098 0.000000 2008.115234 0.000000 0.459035 0.000000 -0.888418 1.081881 1.081881 1.081881
3796.888672 0.000000 1961.394775 0.000000 0.232858 0.000000 -0.972511 1.059072 1.059072 1.059072
3778.620361 0.000000 1934.054443 0.000000 0.766388 0.000000 0.642378 0.788713 0.788713 0.788713
3794.306396 0.000000 1926.495605 0.000000 0.966338 0.000000 0.257276 0.872522 0.872522 0.872522
3782.981445 0.000000 2007.001709 0.000000 0.276156 0.000000 0.961113 0.679543 0.679543 0.679543
3803.255615 0.000000 1997.057373 0.000000 0.567203 0.000000 0.823578 0.745625 0.745625 0.745625
3805.574707 0.000000 1949.697388 0.000000 0.998672 0.000000 0.051510 0.892011 0.892011 0.892011
3792.694092 0.000000 2003.819458 0.000000 0.618155 0.000000 0.786056 0.784170 0.784170 0.784170
3800.024414 0.000000 1947.359375 0.000000 0.750904 0.000000 0.660412 0.778437 0.778437 0.778437
3795.954346 0.000000 1955.491333 0.000000 0.010424 0.000000 -0.999946 1.103347 1.103347 1.103347
3797.453125 0.000000 1952.704834 0.000000 0.110071 0.000000 -0.993924 1.146119 1.146119 1.146119
3782.866699 0.000000 1932.620239 0.000000 0.466211 0.000000 0.884674 0.736543 0.736543 0.736543
3797.646484 0.000000 1926.553345 0.000000 0.303487 0.000000 0.952836 0.704276 0.704276 0.704276
3805.019775 0.000000 1953.445312 0.000000 0.998408 0.000000 -0.056407 0.906974 0.906974 0.906974
3795.409424 0.000000 1999.559570 0.000000 0.109041 0.000000 -0.994037 1.136442 1.136442 1.136442
3795.101807 0.000000 1936.954590 0.000000 0.999850 0.000000 -0.017296 0.902915 0.902915 0.902915
3784.761230 0.000000 2007.833496 0.000000 0.876562 0.000000 -0.481288 1.015078 1.015078 1.015078
3801.792725 0.000000 1994.294312 0.000000 0.499607 0.000000 -0.866252 1.064777 1.064777 1.064777
3794.197754 0.000000 1952.720337 0.000000 0.895194 0.000000 0.445676 0.831498 0.831498 0.831498
3807.033936 0.000000 1950.683350 0.000000 0.957702 0.000000 0.287762 0.850812 0.850812 0.850812
3802.718018 0.000000 1948.752319 0.000000 0.740201 0.000000 0.672385 0.775731 0.775731 0.775731
3799.291992 0.000000 1996.326904 0.000000 0.353221 0.000000 0.935540 0.696131 0.696131 0.696131
3784.883789 0.000000 1935.230835 0.000000 0.247758 0.000000 -0.968822 1.092846 1.092846 1.092846
3786.972412 0.000000 1948.891357 0.000000 0.358819 0.000000 0.933407 0.705255 0.705255 0.705255
3781.512451 0.000000 2009.785645 0.000000 0.294544 0.000000 -0.955638 1.111465 1.111465 1.111465
3805.095947 0.000000 1994.621216 0.000000 0.951790 0.000000 -0.306751 0.952540 0.952540 0.952540
3807.541748 0.000000 1953.852661 0.000000 0.828791 0.000000 0.559558 0.799926 0.799926 0.799926
3793.834717 0.000000 2000.133667 0.000000 0.969222 0.000000 0.246188 0.858082 0.858082 0.858082
3786.372314 0.000000 1933.482666 0.000000 0.788815 0.000000 -0.614631 1.011544 1.011544 1.011544
3799.156006 0.000000 1999.791992 0.000000 0.999124 0.000000 -0.041845 0.907054 0.907054 0.907054
3800.187500 0.000000 1926.319458 0.000000 0.709846 0.000000 0.704357 0.768301 0.768301 0.768301
3804.732666 0.000000 1955.305908 0.000000 0.684323 0.000000 0.729179 0.771481 0.771481 0.771481
3785.674316 0.000000 2005.293579 0.000000 0.547057 0.000000 0.837095 0.715009 0.715009 0.715009
3798.025635 0.000000 1997.265137 0.000000 0.918285 0.000000 -0.395921 0.968598 0.968598 0.968598
3800.885742 0.000000 1946.056152 0.000000 0.725830 0.000000 0.687874 0.772170 0.772170 0.772170
3780.907715 0.000000 1934.269165 0.000000 0.999418 0.000000 0.034107 0.894251 0.894251 0.894251
3806.389160 0.000000 1952.743896 0.000000 0.451271 0.000000 0.892387 0.714192 0.714192 0.714192
3790.235352 0.000000 1930.849854 0.000000 0.590869 0.000000 -0.806768 1.127780 1.127780 1.127780
3784.845215 0.000000 2006.462646 0.000000 0.761070 0.000000 -0.648670 1.061766 1.061766 1.061766
3795.013184 0.000000 1931.624756 0.000000 0.694537 0.000000 -0.719457 1.076821 1.076821 1.076821
3793.400635 0.000000 1931.424194 0.000000 0.501698 0.000000 -0.865043 1.252280 1.252280 1.252280
4236.296387 0.000000 1948.109619 0.000000 0.973623 0.000000 0.228161 0.891725 0.891725 0.891725
4235.216797 0.000000 1943.383789 0.000000 0.313545 0.000000 0.949573 0.781861 0.781861 0.781861
"}
