object={
	name="tree_pine_02_b_generator_1_0"
	render_pass=Map
	clamp_to_water_level=no
	generated_content=yes
	layer="tree_high_layer"
	pdxmesh="tree_pine_02_b_mesh"
	count=119
	transform="8307.223633 0.000000 461.931580 0.000000 0.332458 0.000000 -0.943118 0.400000 0.400000 0.400000
8320.026367 0.000000 476.434326 0.000000 0.995002 0.000000 -0.099853 0.400000 0.400000 0.400000
8311.935547 0.000000 471.974579 0.000000 0.988049 0.000000 -0.154140 0.400000 0.400000 0.400000
8313.843750 0.000000 462.109985 0.000000 0.734205 0.000000 -0.678927 0.400000 0.400000 0.400000
8312.949219 0.000000 467.065796 0.000000 0.192788 0.000000 -0.981240 0.400000 0.400000 0.400000
8316.639648 0.000000 470.250275 0.000000 0.998783 0.000000 -0.049320 0.400000 0.400000 0.400000
8315.433594 0.000000 474.874634 0.000000 0.429693 0.000000 0.902975 0.400000 0.400000 0.400000
8314.718750 0.000000 472.293610 0.000000 0.985279 0.000000 0.170953 0.400000 0.400000 0.400000
8338.557617 0.000000 550.045044 0.000000 0.949766 0.000000 0.312961 0.400000 0.400000 0.400000
8327.400391 0.000000 506.744904 0.000000 0.419658 0.000000 0.907682 0.400000 0.400000 0.400000
8343.578125 0.000000 571.610718 0.000000 0.848755 0.000000 0.528786 0.400000 0.400000 0.400000
8347.475586 0.000000 553.362610 0.000000 0.450530 0.000000 -0.892761 0.400000 0.400000 0.400000
8327.999023 0.000000 512.416016 0.000000 0.020541 0.000000 -0.999789 0.400000 0.400000 0.400000
8349.052734 0.000000 567.186951 0.000000 0.101395 0.000000 -0.994846 0.400000 0.400000 0.400000
8343.452148 0.000000 550.514587 0.000000 0.999535 0.000000 -0.030507 0.400000 0.400000 0.400000
8348.035156 0.000000 558.668701 0.000000 0.536426 0.000000 -0.843947 0.400000 0.400000 0.400000
8341.639648 0.000000 575.674805 0.000000 0.696022 0.000000 -0.718021 0.400000 0.400000 0.400000
8331.706055 0.000000 511.413177 0.000000 0.790377 0.000000 -0.612621 0.400000 0.400000 0.400000
8349.449219 0.000000 562.190796 0.000000 0.119672 0.000000 0.992813 0.400000 0.400000 0.400000
8345.741211 0.000000 568.697571 0.000000 0.994792 0.000000 0.101925 0.400000 0.400000 0.400000
8329.639648 0.000000 509.005798 0.000000 0.597094 0.000000 0.802171 0.400000 0.400000 0.400000
8345.102539 0.000000 578.488525 0.000000 0.626255 0.000000 0.779618 0.400000 0.400000 0.400000
8350.706055 0.000000 585.155518 0.000000 0.672171 0.000000 0.740396 0.400000 0.400000 0.400000
8344.664062 0.000000 586.546265 0.000000 0.712521 0.000000 -0.701651 0.400000 0.400000 0.400000
8344.036133 0.000000 582.370117 0.000000 0.998076 0.000000 0.062008 0.400000 0.400000 0.400000
8341.878906 0.000000 576.255798 0.000000 0.095723 0.000000 -0.995408 0.400000 0.400000 0.400000
8347.296875 0.000000 583.809021 0.000000 0.097355 0.000000 -0.995250 0.400000 0.400000 0.400000
8347.817383 0.000000 586.854187 0.000000 0.612048 0.000000 0.790821 0.400000 0.400000 0.400000
8373.739258 0.000000 458.973816 0.000000 0.602697 0.000000 0.797970 0.400000 0.400000 0.400000
8376.885742 0.000000 447.058228 0.000000 0.108909 0.000000 -0.994052 0.400000 0.400000 0.400000
8371.703125 0.000000 453.875885 0.000000 0.977007 0.000000 0.213208 0.400000 0.400000 0.400000
8379.738281 0.000000 453.557251 0.000000 0.721921 0.000000 0.691975 0.400000 0.400000 0.400000
8368.600586 0.000000 444.220276 0.000000 0.679099 0.000000 -0.734047 0.400000 0.400000 0.400000
8351.145508 0.000000 560.102661 0.000000 0.617629 0.000000 0.786470 0.400000 0.400000 0.400000
8398.245117 0.000000 539.337280 0.000000 0.998376 0.000000 -0.056972 0.400000 0.400000 0.400000
8409.723633 0.000000 489.804016 0.000000 0.670956 0.000000 0.741497 0.400000 0.400000 0.400000
8400.678711 0.000000 492.922394 0.000000 0.836453 0.000000 -0.548038 0.400000 0.400000 0.400000
8413.072266 0.000000 556.999207 0.000000 0.606888 0.000000 0.794787 0.400000 0.400000 0.400000
8412.879883 0.000000 502.362854 0.000000 0.588779 0.000000 -0.808294 0.400000 0.400000 0.400000
8421.044922 0.000000 567.186951 0.000000 0.383083 0.000000 0.923714 0.400000 0.400000 0.400000
8405.984375 0.000000 494.709473 0.000000 0.652339 0.000000 0.757927 0.400000 0.400000 0.400000
8391.480469 0.000000 517.984924 0.000000 0.994386 0.000000 -0.105812 0.400000 0.400000 0.400000
8351.177734 0.000000 565.912720 0.000000 0.690828 0.000000 0.723019 0.400000 0.400000 0.400000
8399.863281 0.000000 534.647888 0.000000 0.909410 0.000000 0.415900 0.400000 0.400000 0.400000
8420.187500 0.000000 548.694458 0.000000 0.468470 0.000000 -0.883479 0.400000 0.400000 0.400000
8394.867188 0.000000 527.442993 0.000000 0.161873 0.000000 -0.986812 0.400000 0.400000 0.400000
8406.658203 0.000000 548.702576 0.000000 0.619252 0.000000 0.785193 0.400000 0.400000 0.400000
8393.916992 0.000000 521.203735 0.000000 0.784625 0.000000 -0.619971 0.400000 0.400000 0.400000
8405.931641 0.000000 490.560272 0.000000 0.714709 0.000000 -0.699422 0.400000 0.400000 0.400000
8390.207031 0.000000 521.383789 0.000000 0.570011 0.000000 0.821637 0.400000 0.400000 0.400000
8407.198242 0.000000 545.037842 0.000000 0.967658 0.000000 -0.252265 0.400000 0.400000 0.400000
8410.881836 0.000000 499.344330 0.000000 0.824615 0.000000 -0.565695 0.400000 0.400000 0.400000
8408.800781 0.000000 496.518311 0.000000 0.156163 0.000000 0.987731 0.400000 0.400000 0.400000
8421.891602 0.000000 555.390015 0.000000 0.535709 0.000000 0.844403 0.400000 0.400000 0.400000
8433.865234 0.000000 535.082153 0.000000 0.522825 0.000000 -0.852440 0.400000 0.400000 0.400000
8423.137695 0.000000 560.102661 0.000000 0.643688 0.000000 -0.765288 0.400000 0.400000 0.400000
8457.219727 0.000000 547.875427 0.000000 0.968569 0.000000 0.248744 0.400000 0.400000 0.400000
8424.775391 0.000000 571.334595 0.000000 0.823943 0.000000 -0.566672 0.400000 0.400000 0.400000
8431.398438 0.000000 527.280640 0.000000 0.996442 0.000000 -0.084277 0.400000 0.400000 0.400000
8427.935547 0.000000 565.184326 0.000000 0.740969 0.000000 0.671540 0.400000 0.400000 0.400000
8439.962891 0.000000 536.788513 0.000000 0.994480 0.000000 -0.104921 0.400000 0.400000 0.400000
8423.953125 0.000000 553.996948 0.000000 0.332505 0.000000 -0.943102 0.400000 0.400000 0.400000
8446.677734 0.000000 538.379700 0.000000 0.205507 0.000000 0.978656 0.400000 0.400000 0.400000
8427.174805 0.000000 522.709595 0.000000 0.273945 0.000000 0.961745 0.400000 0.400000 0.400000
8423.169922 0.000000 565.912720 0.000000 0.124480 0.000000 -0.992222 0.400000 0.400000 0.400000
8438.030273 0.000000 532.754578 0.000000 0.965563 0.000000 0.260169 0.400000 0.400000 0.400000
8427.413086 0.000000 568.992737 0.000000 0.999201 0.000000 0.039970 0.400000 0.400000 0.400000
8430.673828 0.000000 523.846252 0.000000 0.997568 0.000000 -0.069702 0.400000 0.400000 0.400000
8443.209961 0.000000 538.509888 0.000000 0.752012 0.000000 -0.659150 0.400000 0.400000 0.400000
8446.015625 0.000000 541.726013 0.000000 0.813901 0.000000 -0.581004 0.400000 0.400000 0.400000
8476.047852 0.000000 665.258362 0.000000 0.414564 0.000000 -0.910020 0.400000 0.400000 0.400000
8479.403320 0.000000 595.968811 0.000000 0.560860 0.000000 0.827911 0.400000 0.400000 0.400000
8477.315430 0.000000 611.106140 0.000000 0.696473 0.000000 0.717583 0.400000 0.400000 0.400000
8462.657227 0.000000 657.860291 0.000000 0.962926 0.000000 0.269766 0.400000 0.400000 0.400000
8489.443359 0.000000 658.797424 0.000000 0.540093 0.000000 -0.841605 0.400000 0.400000 0.400000
8469.647461 0.000000 646.986450 0.000000 0.732886 0.000000 -0.680351 0.400000 0.400000 0.400000
8463.210938 0.000000 638.941528 0.000000 0.700966 0.000000 -0.713195 0.400000 0.400000 0.400000
8482.003906 0.000000 660.703735 0.000000 0.898541 0.000000 -0.438889 0.400000 0.400000 0.400000
8468.878906 0.000000 595.759399 0.000000 0.450299 0.000000 0.892878 0.400000 0.400000 0.400000
8485.064453 0.000000 652.983643 0.000000 0.311334 0.000000 0.950301 0.400000 0.400000 0.400000
8477.489258 0.000000 604.025146 0.000000 0.588010 0.000000 -0.808853 0.400000 0.400000 0.400000
8468.543945 0.000000 653.100098 0.000000 0.592852 0.000000 -0.805311 0.400000 0.400000 0.400000
8476.773438 0.000000 648.634705 0.000000 0.719177 0.000000 -0.694827 0.400000 0.400000 0.400000
8468.778320 0.000000 641.052979 0.000000 0.135686 0.000000 -0.990752 0.400000 0.400000 0.400000
8474.332031 0.000000 597.939880 0.000000 0.611951 0.000000 0.790895 0.400000 0.400000 0.400000
8476.037109 0.000000 670.547791 0.000000 0.056990 0.000000 -0.998375 0.400000 0.400000 0.400000
8472.714844 0.000000 593.396545 0.000000 0.208797 0.000000 0.977959 0.400000 0.400000 0.400000
8485.307617 0.000000 657.517700 0.000000 0.997733 0.000000 -0.067295 0.400000 0.400000 0.400000
8464.336914 0.000000 653.939453 0.000000 0.350578 0.000000 0.936533 0.400000 0.400000 0.400000
8466.936523 0.000000 657.100830 0.000000 0.166980 0.000000 -0.985960 0.400000 0.400000 0.400000
8473.612305 0.000000 645.800537 0.000000 0.258778 0.000000 -0.965937 0.400000 0.400000 0.400000
8466.524414 0.000000 649.377625 0.000000 0.790324 0.000000 -0.612689 0.400000 0.400000 0.400000
8475.690430 0.000000 607.397583 0.000000 0.988638 0.000000 0.150319 0.400000 0.400000 0.400000
8477.406250 0.000000 599.890808 0.000000 0.973486 0.000000 -0.228748 0.400000 0.400000 0.400000
8469.317383 0.000000 592.264587 0.000000 0.462362 0.000000 0.886691 0.400000 0.400000 0.400000
8465.464844 0.000000 641.424866 0.000000 0.806687 0.000000 0.590979 0.400000 0.400000 0.400000
8420.866211 0.000000 703.202881 0.000000 0.874902 0.000000 -0.484301 0.400000 0.400000 0.400000
8407.411133 0.000000 691.953186 0.000000 0.988452 0.000000 -0.151533 0.400000 0.400000 0.400000
8409.723633 0.000000 681.772766 0.000000 0.606790 0.000000 0.794862 0.400000 0.400000 0.400000
8417.692383 0.000000 713.252136 0.000000 0.840387 0.000000 -0.541987 0.400000 0.400000 0.400000
8411.842773 0.000000 700.312744 0.000000 0.246149 0.000000 0.969232 0.400000 0.400000 0.400000
8413.845703 0.000000 707.236755 0.000000 0.440540 0.000000 0.897733 0.400000 0.400000 0.400000
8415.153320 0.000000 729.943787 0.000000 0.898442 0.000000 -0.439093 0.400000 0.400000 0.400000
8412.280273 0.000000 687.881104 0.000000 0.991592 0.000000 -0.129406 0.400000 0.400000 0.400000
8412.879883 0.000000 694.331604 0.000000 0.823810 0.000000 -0.566866 0.400000 0.400000 0.400000
8416.250977 0.000000 718.871948 0.000000 0.033670 0.000000 0.999433 0.400000 0.400000 0.400000
8421.110352 0.000000 717.057861 0.000000 0.388202 0.000000 -0.921574 0.400000 0.400000 0.400000
8408.866211 0.000000 696.748352 0.000000 0.087112 0.000000 -0.996199 0.400000 0.400000 0.400000
8414.958008 0.000000 697.973328 0.000000 0.225898 0.000000 -0.974151 0.400000 0.400000 0.400000
8413.125977 0.000000 684.115845 0.000000 0.497087 0.000000 -0.867701 0.400000 0.400000 0.400000
8417.678711 0.000000 705.518799 0.000000 0.968629 0.000000 0.248511 0.400000 0.400000 0.400000
8416.523438 0.000000 709.770996 0.000000 0.771746 0.000000 0.635931 0.400000 0.400000 0.400000
8410.881836 0.000000 691.313110 0.000000 0.695512 0.000000 -0.718515 0.400000 0.400000 0.400000
8418.027344 0.000000 716.254333 0.000000 0.319637 0.000000 -0.947540 0.400000 0.400000 0.400000
8423.347656 0.000000 717.949890 0.000000 0.982264 0.000000 0.187502 0.400000 0.400000 0.400000
8423.200195 0.000000 698.251221 0.000000 0.499073 0.000000 -0.866560 0.400000 0.400000 0.400000
8480.993164 0.000000 671.929260 0.000000 0.656814 0.000000 0.754053 0.400000 0.400000 0.400000
8424.007812 0.000000 704.797668 0.000000 0.857580 0.000000 0.514351 0.400000 0.400000 0.400000
8476.260742 0.000000 672.132263 0.000000 0.518626 0.000000 -0.855001 0.400000 0.400000 0.400000
"}
