object={
	name="tree_jungle_01_c_generator_1_0"
	render_pass=Map
	clamp_to_water_level=no
	generated_content=yes
	layer="tree_high_layer"
	pdxmesh="tree_jungle_01_c_mesh"
	count=977
	transform="2289.825195 0.000000 1280.089844 0.000000 0.154330 0.000000 -0.988019 0.944538 0.944538 0.944538
2291.424072 0.000000 1287.631836 0.000000 0.099157 0.000000 0.995072 0.757831 0.757831 0.757831
2127.344238 0.000000 2097.625977 0.000000 0.680382 0.000000 -0.732858 0.907392 0.907392 0.907392
2128.698730 0.000000 2108.168701 0.000000 0.924953 0.000000 0.380081 0.891240 0.891240 0.891240
2141.071777 0.000000 2094.435547 0.000000 0.340211 0.000000 -0.940349 0.946740 0.946740 0.946740
2152.249756 0.000000 2107.360840 0.000000 0.695697 0.000000 0.718335 0.887395 0.887395 0.887395
2156.147705 0.000000 2089.112793 0.000000 0.973758 0.000000 -0.227586 0.906191 0.906191 0.906191
2127.148438 0.000000 2089.648193 0.000000 0.999830 0.000000 0.018436 0.899710 0.899710 0.899710
2146.691650 0.000000 2100.469482 0.000000 0.977723 0.000000 0.209899 0.891447 0.891447 0.891447
2149.752441 0.000000 2092.749268 0.000000 0.225785 0.000000 -0.974177 0.936212 0.936212 0.936212
2135.388184 0.000000 2109.184326 0.000000 0.624892 0.000000 0.780711 0.863770 0.863770 0.863770
2133.231445 0.000000 2092.865723 0.000000 0.234427 0.000000 0.972134 0.876018 0.876018 0.876018
2128.504639 0.000000 2084.265869 0.000000 0.614131 0.000000 0.789204 0.881608 0.881608 0.881608
2141.639160 0.000000 2099.514648 0.000000 0.273993 0.000000 0.961732 0.838978 0.838978 0.838978
2156.697998 0.000000 2052.305664 0.000000 0.738825 0.000000 -0.673897 0.934892 0.934892 0.934892
2121.620850 0.000000 2098.800293 0.000000 0.687145 0.000000 -0.726521 0.912791 0.912791 0.912791
2145.571777 0.000000 2104.734863 0.000000 0.226880 0.000000 0.973923 0.833667 0.833667 0.833667
2149.995605 0.000000 2097.283447 0.000000 0.182123 0.000000 -0.983276 0.940533 0.940533 0.940533
2145.015381 0.000000 2096.248535 0.000000 0.218169 0.000000 -0.975911 0.951599 0.951599 0.951599
2154.358154 0.000000 2049.300049 0.000000 0.101362 0.000000 0.994850 0.847180 0.847180 0.847180
2153.203369 0.000000 2053.552246 0.000000 0.694600 0.000000 0.719397 0.862114 0.862114 0.862114
2143.030273 0.000000 2107.700684 0.000000 0.918609 0.000000 -0.395168 0.920082 0.920082 0.920082
2138.446289 0.000000 2107.563232 0.000000 0.949822 0.000000 -0.312792 0.915726 0.915726 0.915726
2143.015381 0.000000 2102.629639 0.000000 0.195027 0.000000 0.980798 0.822790 0.822790 0.822790
2139.169189 0.000000 2097.351807 0.000000 0.998442 0.000000 -0.055806 0.902384 0.902384 0.902384
2170.544922 0.000000 2070.832275 0.000000 0.232398 0.000000 -0.972621 0.930024 0.930024 0.930024
2176.548340 0.000000 2088.117188 0.000000 0.501900 0.000000 0.864926 0.874172 0.874172 0.874172
2199.336426 0.000000 2097.625977 0.000000 0.992810 0.000000 -0.119700 0.900809 0.900809 0.900809
2159.960938 0.000000 2081.001709 0.000000 0.938682 0.000000 0.344784 0.886554 0.886554 0.886554
2175.100586 0.000000 2058.922852 0.000000 0.997640 0.000000 0.068657 0.899228 0.899228 0.899228
2171.675293 0.000000 2099.894775 0.000000 0.695941 0.000000 -0.718099 0.921599 0.921599 0.921599
2161.454834 0.000000 2107.084717 0.000000 0.893746 0.000000 -0.448573 0.904181 0.904181 0.904181
2179.510254 0.000000 2077.984863 0.000000 0.967762 0.000000 -0.251866 0.902860 0.902860 0.902860
2166.734619 0.000000 2088.887207 0.000000 0.093760 0.000000 0.995595 0.866816 0.866816 0.866816
2170.422363 0.000000 2080.260986 0.000000 0.202775 0.000000 -0.979225 0.930706 0.930706 0.930706
2192.599854 0.000000 2103.708984 0.000000 0.366771 0.000000 0.930311 0.881201 0.881201 0.881201
2184.881104 0.000000 2084.993164 0.000000 0.972235 0.000000 0.234005 0.896285 0.896285 0.896285
2179.743896 0.000000 2096.345215 0.000000 0.911126 0.000000 0.412128 0.884729 0.884729 0.884729
2175.094971 0.000000 2107.654297 0.000000 0.644350 0.000000 -0.764731 0.921518 0.921518 0.921518
2178.632812 0.000000 2066.487549 0.000000 0.183597 0.000000 0.983002 0.887542 0.887542 0.887542
2168.078125 0.000000 2063.030762 0.000000 0.932256 0.000000 0.361800 0.888355 0.888355 0.888355
2159.835205 0.000000 2054.296387 0.000000 0.407588 0.000000 0.913166 0.843105 0.843105 0.843105
2182.420166 0.000000 2111.628418 0.000000 0.841669 0.000000 0.539994 0.884620 0.884620 0.884620
2168.389160 0.000000 2056.343506 0.000000 0.494409 0.000000 0.869229 0.864489 0.864489 0.864489
2207.380371 0.000000 2109.184326 0.000000 0.745478 0.000000 -0.666530 0.908196 0.908196 0.908196
2172.383789 0.000000 2093.175293 0.000000 0.543360 0.000000 -0.839500 0.926865 0.926865 0.926865
2194.508301 0.000000 2093.844482 0.000000 0.948463 0.000000 -0.316889 0.904347 0.904347 0.904347
2176.642334 0.000000 2072.538574 0.000000 0.281801 0.000000 -0.959473 0.914438 0.914438 0.914438
2160.632812 0.000000 2089.747070 0.000000 0.231569 0.000000 -0.972819 0.933048 0.933048 0.933048
2188.665771 0.000000 2108.497070 0.000000 0.203194 0.000000 -0.979138 0.924557 0.924557 0.924557
2182.411377 0.000000 2090.708252 0.000000 0.949273 0.000000 -0.314454 0.907906 0.907906 0.907906
2177.817383 0.000000 2102.058594 0.000000 0.822944 0.000000 0.568123 0.879636 0.879636 0.879636
2165.272705 0.000000 2083.300293 0.000000 0.999997 0.000000 -0.002476 0.900078 0.900078 0.900078
2169.294189 0.000000 2105.336670 0.000000 0.407536 0.000000 -0.913189 0.925863 0.925863 0.925863
2173.373291 0.000000 2064.302734 0.000000 0.571113 0.000000 0.820871 0.882691 0.882691 0.882691
2195.684082 0.000000 2111.149170 0.000000 0.986850 0.000000 0.161639 0.896352 0.896352 0.896352
2171.675293 0.000000 2085.630615 0.000000 0.702588 0.000000 0.711597 0.882210 0.882210 0.882210
2176.351074 0.000000 2082.412842 0.000000 0.307979 0.000000 -0.951393 0.922608 0.922608 0.922608
2212.717041 0.000000 2110.313477 0.000000 0.253203 0.000000 -0.967413 0.929542 0.929542 0.929542
2174.431152 0.000000 2077.117676 0.000000 0.632139 0.000000 0.774855 0.886057 0.886057 0.886057
2163.854492 0.000000 2058.459717 0.000000 0.921290 0.000000 -0.388876 0.919743 0.919743 0.919743
2193.613037 0.000000 2098.800293 0.000000 0.835465 0.000000 -0.549544 0.910458 0.910458 0.910458
2196.097656 0.000000 2106.609131 0.000000 0.658458 0.000000 -0.752618 0.917230 0.917230 0.917230
2170.092041 0.000000 2075.444092 0.000000 0.061560 0.000000 0.998103 0.869481 0.869481 0.869481
2180.019775 0.000000 2107.633789 0.000000 0.774555 0.000000 0.632506 0.881536 0.881536 0.881536
2175.084717 0.000000 2096.827393 0.000000 0.606651 0.000000 -0.794968 0.930972 0.930972 0.930972
2166.151855 0.000000 2071.401123 0.000000 0.471491 0.000000 0.881871 0.868459 0.868459 0.868459
2161.322510 0.000000 2085.358643 0.000000 0.373708 0.000000 -0.927547 0.937364 0.937364 0.937364
2176.840576 0.000000 2092.672363 0.000000 0.854903 0.000000 -0.518789 0.915932 0.915932 0.915932
2170.961182 0.000000 2059.682861 0.000000 0.985144 0.000000 -0.171733 0.904653 0.904653 0.904653
2164.704590 0.000000 2054.158691 0.000000 0.804057 0.000000 -0.594552 0.928612 0.928612 0.928612
2173.650635 0.000000 2103.700684 0.000000 0.389536 0.000000 0.921011 0.865805 0.865805 0.865805
2168.570068 0.000000 2067.021729 0.000000 0.960621 0.000000 0.277861 0.892408 0.892408 0.892408
2184.567627 0.000000 2108.069580 0.000000 0.129617 0.000000 0.991564 0.864389 0.864389 0.864389
2159.976074 0.000000 2057.977539 0.000000 0.783569 0.000000 0.621305 0.865354 0.865354 0.865354
2167.353760 0.000000 2059.596436 0.000000 0.164957 0.000000 0.986301 0.843173 0.843173 0.843173
2163.353760 0.000000 2080.320557 0.000000 0.987214 0.000000 -0.159399 0.905395 0.905395 0.905395
2162.392578 0.000000 2051.543701 0.000000 0.330673 0.000000 -0.943745 0.952671 0.952671 0.952671
2162.406494 0.000000 2055.912598 0.000000 0.261300 0.000000 0.965258 0.835421 0.835421 0.835421
2137.917969 0.000000 2115.272949 0.000000 0.537248 0.000000 0.843424 0.881960 0.881960 0.881960
2129.101562 0.000000 2112.062256 0.000000 0.550607 0.000000 0.834764 0.886684 0.886684 0.886684
2149.559570 0.000000 2134.097412 0.000000 0.585576 0.000000 0.810618 0.885134 0.885134 0.885134
2137.642578 0.000000 2111.752686 0.000000 0.716283 0.000000 0.697810 0.872234 0.872234 0.872234
2150.468994 0.000000 2131.530273 0.000000 0.687515 0.000000 0.726170 0.843390 0.843390 0.843390
2190.277344 0.000000 2111.966797 0.000000 0.576095 0.000000 -0.817383 0.917200 0.917200 0.917200
2170.478027 0.000000 2121.696045 0.000000 0.602907 0.000000 -0.797811 0.914527 0.914527 0.914527
2177.092773 0.000000 2119.786865 0.000000 0.045983 0.000000 -0.998942 0.947965 0.947965 0.947965
2203.945312 0.000000 2118.097412 0.000000 0.998128 0.000000 0.061164 0.897525 0.897525 0.897525
2179.407471 0.000000 2133.708984 0.000000 0.961538 0.000000 -0.274671 0.905002 0.905002 0.905002
2182.561523 0.000000 2122.789307 0.000000 0.993896 0.000000 -0.110318 0.903726 0.903726 0.903726
2195.746094 0.000000 2113.410645 0.000000 0.742637 0.000000 -0.669694 0.916488 0.916488 0.916488
2173.351562 0.000000 2127.963379 0.000000 0.329687 0.000000 -0.944090 0.922196 0.922196 0.922196
2198.898682 0.000000 2117.421631 0.000000 0.823749 0.000000 0.566954 0.883747 0.883747 0.883747
2212.939941 0.000000 2111.898193 0.000000 0.401300 0.000000 -0.915947 0.926016 0.926016 0.926016
2175.136719 0.000000 2123.886230 0.000000 0.283248 0.000000 -0.959047 0.931726 0.931726 0.931726
2186.033203 0.000000 2113.437988 0.000000 0.967796 0.000000 -0.251737 0.905718 0.905718 0.905718
2178.798584 0.000000 2123.310059 0.000000 0.999969 0.000000 -0.007874 0.900283 0.900283 0.900283
2178.007080 0.000000 2116.202393 0.000000 0.755002 0.000000 0.655723 0.875897 0.875897 0.875897
2180.844238 0.000000 2119.596680 0.000000 0.719421 0.000000 -0.694574 0.927604 0.927604 0.927604
2182.095459 0.000000 2126.310791 0.000000 0.385351 0.000000 -0.922770 0.939608 0.939608 0.939608
2202.760742 0.000000 2121.671631 0.000000 0.958649 0.000000 0.284591 0.889625 0.889625 0.889625
4027.944580 0.000000 265.409485 0.000000 0.344683 0.000000 -0.938719 1.157440 1.157440 1.157440
4021.549316 0.000000 269.046082 0.000000 0.812258 0.000000 -0.583299 0.971366 0.971366 0.971366
4023.630371 0.000000 250.021881 0.000000 0.907872 0.000000 0.419247 0.795020 0.795020 0.795020
4022.777832 0.000000 245.341187 0.000000 0.331717 0.000000 -0.943379 0.974781 0.974781 0.974781
4021.310547 0.000000 253.402405 0.000000 0.867148 0.000000 0.498050 0.874229 0.874229 0.874229
4020.152832 0.000000 249.108109 0.000000 0.551286 0.000000 0.834316 0.569601 0.569601 0.569601
3997.982910 0.000000 223.014801 0.000000 0.361335 0.000000 0.932436 0.846025 0.846025 0.846025
4024.784424 0.000000 265.396179 0.000000 0.852015 0.000000 -0.523517 1.010180 1.010180 1.010180
4020.018555 0.000000 244.378464 0.000000 0.562109 0.000000 -0.827063 0.950328 0.950328 0.950328
3992.938965 0.000000 238.766403 0.000000 0.998510 0.000000 -0.054564 0.910181 0.910181 0.910181
4022.301758 0.000000 247.856583 0.000000 0.994899 0.000000 -0.100873 0.924974 0.924974 0.924974
4022.889648 0.000000 266.976501 0.000000 0.932543 0.000000 0.361059 0.807869 0.807869 0.807869
4020.363525 0.000000 246.636276 0.000000 0.568071 0.000000 -0.822979 1.112849 1.112849 1.112849
4022.194580 0.000000 271.279724 0.000000 0.946855 0.000000 0.321660 0.783741 0.783741 0.783741
4021.473145 0.000000 251.179810 0.000000 0.976844 0.000000 -0.213951 0.946994 0.946994 0.946994
3997.085938 0.000000 231.907135 0.000000 0.986699 0.000000 -0.162560 0.916877 0.916877 0.916877
4023.681396 0.000000 269.703674 0.000000 0.569010 0.000000 0.822331 0.552902 0.552902 0.552902
3997.787109 0.000000 225.405594 0.000000 0.147392 0.000000 -0.989078 1.171747 1.171747 1.171747
4023.936768 0.000000 273.662109 0.000000 0.624706 0.000000 0.780860 0.801348 0.801348 0.801348
4026.557617 0.000000 270.055145 0.000000 0.999998 0.000000 0.001973 0.899752 0.899752 0.899752
3999.918457 0.000000 223.626648 0.000000 0.440800 0.000000 -0.897605 1.007660 1.007660 1.007660
3996.176758 0.000000 224.281982 0.000000 0.821513 0.000000 0.570190 0.784122 0.784122 0.784122
4023.831299 0.000000 246.761536 0.000000 0.440737 0.000000 0.897636 0.624573 0.624573 0.624573
4024.349121 0.000000 248.493362 0.000000 0.294005 0.000000 0.955804 0.702735 0.702735 0.702735
4021.926758 0.000000 249.557343 0.000000 0.991694 0.000000 0.128622 0.856819 0.856819 0.856819
4028.835449 0.000000 266.755005 0.000000 0.467708 0.000000 0.883883 0.744105 0.744105 0.744105
4026.396729 0.000000 264.972778 0.000000 0.328618 0.000000 -0.944463 1.161044 1.161044 1.161044
4024.501221 0.000000 267.026245 0.000000 0.003708 0.000000 0.999993 0.319022 0.319022 0.319022
4025.096924 0.000000 270.067688 0.000000 0.443361 0.000000 0.896343 0.495435 0.495435 0.495435
4021.807373 0.000000 246.472580 0.000000 0.531426 0.000000 0.847105 0.677489 0.677489 0.677489
4023.240967 0.000000 268.352112 0.000000 0.530316 0.000000 -0.847800 1.263754 1.263754 1.263754
4020.912354 0.000000 247.927612 0.000000 0.549534 0.000000 0.835471 0.682229 0.682229 0.682229
4022.882568 0.000000 251.174347 0.000000 0.907453 0.000000 -0.420154 1.005223 1.005223 1.005223
4023.354492 0.000000 270.908051 0.000000 0.293781 0.000000 0.955873 0.448209 0.448209 0.448209
4022.031494 0.000000 267.887329 0.000000 0.988639 0.000000 0.150308 0.862370 0.862370 0.862370
4022.474854 0.000000 269.980103 0.000000 0.929495 0.000000 -0.368835 1.035804 1.035804 1.035804
4023.000977 0.000000 248.917694 0.000000 0.854042 0.000000 0.520203 0.697174 0.697174 0.697174
4027.602295 0.000000 269.417908 0.000000 0.562649 0.000000 0.826696 0.617916 0.617916 0.617916
3994.531006 0.000000 238.206055 0.000000 0.999561 0.000000 -0.029614 0.908585 0.908585 0.908585
4024.290527 0.000000 268.751099 0.000000 0.994335 0.000000 -0.106291 0.939481 0.939481 0.939481
4025.385742 0.000000 266.342041 0.000000 0.896936 0.000000 -0.442159 1.069799 1.069799 1.069799
4025.845947 0.000000 270.870728 0.000000 0.985622 0.000000 0.168965 0.838201 0.838201 0.838201
4025.607910 0.000000 267.360413 0.000000 0.729655 0.000000 -0.683816 1.179158 1.179158 1.179158
4030.086426 0.000000 292.597351 0.000000 0.825240 0.000000 -0.564782 0.932364 0.932364 0.932364
4024.504395 0.000000 294.416992 0.000000 0.533234 0.000000 -0.845968 0.924923 0.924923 0.924923
4028.692383 0.000000 287.996735 0.000000 0.203623 0.000000 0.979049 0.832489 0.832489 0.832489
4025.029541 0.000000 288.124298 0.000000 0.535594 0.000000 0.844475 0.793806 0.793806 0.793806
4028.163574 0.000000 290.626495 0.000000 0.996846 0.000000 -0.079355 0.926059 0.926059 0.926059
4026.892090 0.000000 288.973511 0.000000 0.179645 0.000000 0.983731 0.559531 0.559531 0.559531
4024.933350 0.000000 292.408539 0.000000 0.431457 0.000000 0.902134 0.740795 0.740795 0.740795
4028.704834 0.000000 293.817841 0.000000 0.298226 0.000000 0.954495 0.620800 0.620800 0.620800
4028.608398 0.000000 292.164734 0.000000 0.699939 0.000000 -0.714202 1.075162 1.075162 1.075162
4029.020508 0.000000 289.432434 0.000000 0.375868 0.000000 -0.926673 1.153043 1.153043 1.153043
4029.839600 0.000000 291.201080 0.000000 0.904706 0.000000 0.426037 0.755624 0.755624 0.755624
4024.264160 0.000000 291.073608 0.000000 0.598832 0.000000 -0.800874 1.083639 1.083639 1.083639
4027.808350 0.000000 291.569427 0.000000 0.704254 0.000000 -0.709948 1.192669 1.192669 1.192669
4040.484131 0.000000 315.557892 0.000000 0.658463 0.000000 0.752613 0.869370 0.869370 0.869370
4031.601562 0.000000 292.929688 0.000000 0.187757 0.000000 -0.982215 0.974521 0.974521 0.974521
4047.099609 0.000000 319.178741 0.000000 0.370731 0.000000 0.928740 0.683240 0.683240 0.683240
4046.608154 0.000000 321.643005 0.000000 0.267148 0.000000 0.963656 0.692554 0.692554 0.692554
4038.197510 0.000000 317.188110 0.000000 0.605237 0.000000 -0.796045 1.160667 1.160667 1.160667
4048.750488 0.000000 320.769318 0.000000 0.796153 0.000000 0.605095 0.829909 0.829909 0.829909
4031.651611 0.000000 290.635742 0.000000 0.999082 0.000000 -0.042846 0.904237 0.904237 0.904237
4040.391357 0.000000 317.405426 0.000000 0.043847 0.000000 0.999038 0.587792 0.587792 0.587792
4041.911133 0.000000 316.469116 0.000000 0.219050 0.000000 -0.975714 1.176022 1.176022 1.176022
4039.219727 0.000000 317.921783 0.000000 0.436655 0.000000 0.899629 0.583224 0.583224 0.583224
4215.117676 0.000000 465.891510 0.000000 0.115611 0.000000 -0.993295 1.145180 1.145180 1.145180
4233.345215 0.000000 473.000488 0.000000 0.915796 0.000000 0.401643 0.834993 0.834993 0.834993
4230.789062 0.000000 470.895081 0.000000 0.990569 0.000000 0.137015 0.876838 0.876838 0.876838
4212.213379 0.000000 464.767059 0.000000 0.179803 0.000000 -0.983703 0.974957 0.974957 0.974957
4208.693359 0.000000 464.406494 0.000000 0.152653 0.000000 -0.988280 1.094289 1.094289 1.094289
4223.525391 0.000000 461.236603 0.000000 0.680717 0.000000 0.732547 0.805799 0.805799 0.805799
4239.189453 0.000000 473.212158 0.000000 0.694766 0.000000 -0.719236 0.977554 0.977554 0.977554
4231.055176 0.000000 473.605103 0.000000 0.214284 0.000000 0.976771 0.717349 0.717349 0.717349
4227.473145 0.000000 458.205994 0.000000 0.658243 0.000000 0.752806 0.840633 0.840633 0.840633
4216.909180 0.000000 464.343262 0.000000 0.890085 0.000000 0.455795 0.828754 0.828754 0.828754
4233.127930 0.000000 470.604523 0.000000 0.408798 0.000000 0.912625 0.706263 0.706263 0.706263
4210.394531 0.000000 465.324158 0.000000 0.807396 0.000000 0.590010 0.810669 0.810669 0.810669
4215.992188 0.000000 467.545563 0.000000 0.358332 0.000000 -0.933594 1.059652 1.059652 1.059652
4237.704102 0.000000 472.104156 0.000000 0.963619 0.000000 -0.267278 0.945595 0.945595 0.945595
4224.174316 0.000000 458.065491 0.000000 0.865518 0.000000 0.500877 0.812773 0.812773 0.812773
4225.271484 0.000000 461.006409 0.000000 0.953092 0.000000 -0.302680 0.951819 0.951819 0.951819
4211.593750 0.000000 466.229736 0.000000 0.995030 0.000000 0.099574 0.883192 0.883192 0.883192
4195.291504 0.000000 542.234802 0.000000 0.708525 0.000000 -0.705686 0.928163 0.928163 0.928163
4206.723633 0.000000 540.382935 0.000000 0.986316 0.000000 0.164867 0.872462 0.872462 0.872462
4201.338379 0.000000 543.042603 0.000000 0.447500 0.000000 0.894284 0.713481 0.713481 0.713481
4216.277832 0.000000 548.515869 0.000000 0.912732 0.000000 0.408560 0.836641 0.836641 0.836641
4199.138672 0.000000 538.379700 0.000000 0.217014 0.000000 -0.976169 0.969872 0.969872 0.969872
4190.490723 0.000000 532.754578 0.000000 0.581353 0.000000 -0.813651 0.938438 0.938438 0.938438
4229.739746 0.000000 541.859375 0.000000 0.464874 0.000000 -0.885377 1.061242 1.061242 1.061242
4226.073242 0.000000 549.816162 0.000000 0.731679 0.000000 0.681649 0.812369 0.812369 0.812369
4203.343262 0.000000 538.008728 0.000000 0.925492 0.000000 -0.378767 0.917457 0.917457 0.917457
4231.111816 0.000000 548.702576 0.000000 0.921215 0.000000 -0.389054 0.967340 0.967340 0.967340
4215.406738 0.000000 538.278442 0.000000 0.924274 0.000000 -0.381729 0.928161 0.928161 0.928161
4189.046387 0.000000 537.955872 0.000000 0.260812 0.000000 -0.965389 0.979286 0.979286 0.979286
4219.746582 0.000000 548.301086 0.000000 0.494601 0.000000 -0.869120 1.077519 1.077519 1.077519
4195.670410 0.000000 538.509888 0.000000 0.642500 0.000000 0.766286 0.752878 0.752878 0.752878
4210.058594 0.000000 536.626404 0.000000 0.423096 0.000000 -0.906085 0.989174 0.989174 0.989174
4204.642090 0.000000 542.854492 0.000000 0.999286 0.000000 0.037784 0.895160 0.895160 0.895160
4193.053223 0.000000 540.204651 0.000000 0.353370 0.000000 0.935484 0.834770 0.834770 0.834770
4201.316406 0.000000 540.151123 0.000000 0.976850 0.000000 -0.213925 0.934393 0.934393 0.934393
4226.229004 0.000000 540.190552 0.000000 0.983224 0.000000 -0.182404 0.930911 0.930911 0.930911
4189.106934 0.000000 535.227905 0.000000 0.891379 0.000000 -0.453258 0.931709 0.931709 0.931709
4209.356934 0.000000 540.975586 0.000000 0.730303 0.000000 0.683123 0.805375 0.805375 0.805375
4228.785645 0.000000 550.116699 0.000000 0.953662 0.000000 -0.300882 0.934334 0.934334 0.934334
4203.875000 0.000000 540.460022 0.000000 0.182548 0.000000 0.983197 0.666230 0.666230 0.666230
4212.778320 0.000000 537.302307 0.000000 0.998589 0.000000 0.053104 0.895344 0.895344 0.895344
4231.219727 0.000000 551.076782 0.000000 0.999651 0.000000 0.026406 0.896855 0.896855 0.896855
4194.728027 0.000000 536.320068 0.000000 0.457785 0.000000 0.889063 0.757262 0.757262 0.757262
4191.387695 0.000000 534.809204 0.000000 0.866237 0.000000 0.499633 0.811836 0.811836 0.811836
4199.115723 0.000000 543.881226 0.000000 0.130524 0.000000 0.991445 0.663823 0.663823 0.663823
4196.830566 0.000000 543.818970 0.000000 0.905359 0.000000 -0.424647 0.948286 0.948286 0.948286
4196.844238 0.000000 540.312805 0.000000 0.249966 0.000000 -0.968255 1.122131 1.122131 1.122131
4228.451660 0.000000 539.957581 0.000000 0.657560 0.000000 -0.753402 0.992021 0.992021 0.992021
4228.571289 0.000000 547.983765 0.000000 0.416186 0.000000 -0.909279 1.012857 1.012857 1.012857
4193.724609 0.000000 538.263184 0.000000 0.012723 0.000000 -0.999919 1.162562 1.162562 1.162562
4205.152344 0.000000 539.041443 0.000000 0.076520 0.000000 0.997068 0.661631 0.661631 0.661631
4227.516602 0.000000 541.597229 0.000000 0.068995 0.000000 0.997617 0.646930 0.646930 0.646930
4199.487793 0.000000 540.178772 0.000000 0.401627 0.000000 -0.915803 1.095059 1.095059 1.095059
4202.951172 0.000000 542.187073 0.000000 0.351695 0.000000 -0.936114 1.104144 1.104144 1.104144
4194.897949 0.000000 540.222046 0.000000 0.426021 0.000000 0.904713 0.739944 0.739944 0.739944
4213.631836 0.000000 538.944214 0.000000 0.634777 0.000000 0.772695 0.751187 0.751187 0.751187
4197.417969 0.000000 538.675781 0.000000 0.081668 0.000000 -0.996660 1.120817 1.120817 1.120817
4217.334961 0.000000 549.969788 0.000000 0.959664 0.000000 -0.281149 0.942903 0.942903 0.942903
4200.422363 0.000000 541.596008 0.000000 0.983997 0.000000 -0.178186 0.928579 0.928579 0.928579
4205.996094 0.000000 541.908569 0.000000 0.929039 0.000000 0.369981 0.836134 0.836134 0.836134
4226.330078 0.000000 538.437744 0.000000 0.642076 0.000000 0.766641 0.770451 0.770451 0.770451
4311.890137 0.000000 550.514587 0.000000 0.815934 0.000000 0.578145 0.796117 0.796117 0.796117
4316.632812 0.000000 548.694458 0.000000 0.415789 0.000000 0.909461 0.707556 0.707556 0.707556
4309.136230 0.000000 553.059937 0.000000 0.020727 0.000000 -0.999785 0.994037 0.994037 0.994037
4312.752930 0.000000 553.349304 0.000000 0.418181 0.000000 0.908364 0.846240 0.846240 0.846240
4315.062988 0.000000 550.845947 0.000000 0.353739 0.000000 0.935344 0.723394 0.723394 0.723394
4319.075195 0.000000 547.736755 0.000000 0.825172 0.000000 0.564882 0.833909 0.833909 0.833909
4317.449707 0.000000 546.463928 0.000000 0.991353 0.000000 0.131222 0.880484 0.880484 0.880484
4311.008789 0.000000 552.325806 0.000000 0.525673 0.000000 0.850687 0.790284 0.790284 0.790284
4318.590332 0.000000 549.534241 0.000000 0.815755 0.000000 -0.578397 0.977605 0.977605 0.977605
4316.833008 0.000000 551.778015 0.000000 0.790292 0.000000 0.612731 0.802198 0.802198 0.802198
4310.249512 0.000000 550.896301 0.000000 0.625615 0.000000 -0.780132 1.050802 1.050802 1.050802
4303.855957 0.000000 691.953186 0.000000 0.660366 0.000000 -0.750944 0.976349 0.976349 0.976349
4314.910645 0.000000 696.153137 0.000000 0.103947 0.000000 0.994583 0.547389 0.547389 0.547389
4308.725098 0.000000 687.881104 0.000000 0.249470 0.000000 -0.968382 0.977035 0.977035 0.977035
4309.325195 0.000000 694.331604 0.000000 0.938165 0.000000 -0.346188 0.959572 0.959572 0.959572
4294.804688 0.000000 681.332031 0.000000 0.640889 0.000000 -0.767633 0.978654 0.978654 0.978654
4313.046875 0.000000 692.559692 0.000000 0.469859 0.000000 -0.882741 1.308305 1.308305 1.308305
4311.403320 0.000000 697.973328 0.000000 0.988167 0.000000 -0.153384 0.930102 0.930102 0.930102
4317.854492 0.000000 699.155396 0.000000 0.347677 0.000000 0.937614 0.807127 0.807127 0.807127
4307.326660 0.000000 691.313110 0.000000 0.342777 0.000000 0.939417 0.694253 0.694253 0.694253
4294.307129 0.000000 676.090332 0.000000 0.428302 0.000000 -0.903636 1.024210 1.024210 1.024210
4299.210449 0.000000 697.932495 0.000000 0.747150 0.000000 -0.664656 0.929404 0.929404 0.929404
4311.642578 0.000000 689.418396 0.000000 0.970787 0.000000 0.239943 0.855900 0.855900 0.855900
4314.512695 0.000000 699.381592 0.000000 0.719492 0.000000 -0.694501 1.003500 1.003500 1.003500
4305.995117 0.000000 693.926270 0.000000 0.793508 0.000000 -0.608559 1.010251 1.010251 1.010251
4308.627930 0.000000 697.150146 0.000000 0.775255 0.000000 -0.631649 1.015211 1.015211 1.015211
4310.234375 0.000000 691.764404 0.000000 0.837615 0.000000 0.546261 0.800018 0.800018 0.800018
4301.338867 0.000000 692.855713 0.000000 0.517639 0.000000 -0.855599 1.073018 1.073018 1.073018
4311.883301 0.000000 695.232910 0.000000 0.634031 0.000000 0.773307 0.715270 0.715270 0.715270
4303.132812 0.000000 697.842224 0.000000 0.689862 0.000000 0.723941 0.843615 0.843615 0.843615
4303.714844 0.000000 694.307434 0.000000 0.987202 0.000000 -0.159475 0.926990 0.926990 0.926990
4310.154297 0.000000 686.252197 0.000000 0.952216 0.000000 0.305425 0.847695 0.847695 0.847695
4297.016113 0.000000 680.710327 0.000000 0.488233 0.000000 0.872713 0.795132 0.795132 0.795132
4316.602051 0.000000 697.451477 0.000000 0.835169 0.000000 -0.549993 0.965425 0.965425 0.965425
4314.364258 0.000000 690.923462 0.000000 0.011500 0.000000 -0.999934 1.057661 1.057661 1.057661
4307.208984 0.000000 695.586853 0.000000 0.977660 0.000000 -0.210192 0.924743 0.924743 0.924743
4313.379883 0.000000 697.530823 0.000000 0.314897 0.000000 0.949126 0.574084 0.574084 0.574084
4314.085938 0.000000 694.257202 0.000000 0.606906 0.000000 -0.794773 1.065126 1.065126 1.065126
4305.352539 0.000000 690.547668 0.000000 0.476167 0.000000 -0.879355 1.073830 1.073830 1.073830
4312.445312 0.000000 699.610840 0.000000 0.995555 0.000000 0.094181 0.884741 0.884741 0.884741
4310.362793 0.000000 696.400757 0.000000 0.994013 0.000000 0.109263 0.878598 0.878598 0.878598
4311.250977 0.000000 693.482544 0.000000 0.828134 0.000000 0.560530 0.767641 0.767641 0.767641
4307.896973 0.000000 693.085205 0.000000 0.976689 0.000000 0.214657 0.863543 0.863543 0.863543
4309.735840 0.000000 698.710754 0.000000 0.526039 0.000000 -0.850460 1.016523 1.016523 1.016523
4311.125977 0.000000 687.735352 0.000000 0.980396 0.000000 0.197039 0.866577 0.866577 0.866577
4311.917969 0.000000 691.116882 0.000000 0.727073 0.000000 -0.686560 1.030926 1.030926 1.030926
4305.863281 0.000000 692.170227 0.000000 0.947927 0.000000 -0.318489 0.954622 0.954622 0.954622
4299.767578 0.000000 692.605896 0.000000 0.297198 0.000000 -0.954816 1.113855 1.113855 1.113855
4314.959961 0.000000 697.733398 0.000000 0.630525 0.000000 0.776169 0.686373 0.686373 0.686373
4313.407227 0.000000 695.766418 0.000000 0.999751 0.000000 0.022329 0.895585 0.895585 0.895585
4295.390137 0.000000 679.903564 0.000000 0.999731 0.000000 -0.023213 0.903912 0.903912 0.903912
4314.574707 0.000000 692.577393 0.000000 0.907274 0.000000 0.420539 0.794674 0.794674 0.794674
4310.080078 0.000000 688.821045 0.000000 0.196073 0.000000 -0.980589 1.149965 1.149965 1.149965
4312.621094 0.000000 694.004883 0.000000 0.417309 0.000000 -0.908765 1.125470 1.125470 1.125470
4312.221680 0.000000 696.632874 0.000000 0.618781 0.000000 -0.785563 1.135516 1.135516 1.135516
4309.291504 0.000000 692.799866 0.000000 0.988656 0.000000 0.150199 0.869850 0.869850 0.869850
4310.595215 0.000000 694.835205 0.000000 0.850456 0.000000 0.526047 0.784247 0.784247 0.784247
4313.783203 0.000000 693.283264 0.000000 0.922761 0.000000 -0.385373 1.049335 1.049335 1.049335
4345.995605 0.000000 534.133240 0.000000 0.849321 0.000000 -0.527877 0.914994 0.914994 0.914994
4385.888672 0.000000 562.812988 0.000000 0.558497 0.000000 -0.829506 0.974731 0.974731 0.974731
4334.866211 0.000000 523.172668 0.000000 0.092230 0.000000 0.995738 0.843528 0.843528 0.843528
4372.829590 0.000000 558.685425 0.000000 0.585149 0.000000 0.810926 0.842626 0.842626 0.842626
4330.642090 0.000000 500.670746 0.000000 0.964677 0.000000 -0.263434 0.913776 0.913776 0.913776
4338.398438 0.000000 530.737427 0.000000 0.435115 0.000000 0.900375 0.711155 0.711155 0.711155
4381.510254 0.000000 556.999207 0.000000 0.852294 0.000000 -0.523063 0.909894 0.909894 0.909894
4324.994629 0.000000 541.655579 0.000000 0.366884 0.000000 0.930267 0.728138 0.728138 0.728138
4360.262207 0.000000 548.515869 0.000000 0.788492 0.000000 0.615045 0.835997 0.835997 0.835997
4351.015137 0.000000 534.896423 0.000000 0.338433 0.000000 -0.940991 0.982610 0.982610 0.982610
4332.677734 0.000000 518.662354 0.000000 0.062670 0.000000 0.998034 0.727186 0.727186 0.727186
4376.952148 0.000000 556.218506 0.000000 0.478635 0.000000 -0.878014 1.001136 1.001136 1.001136
4382.738770 0.000000 533.294312 0.000000 0.998819 0.000000 -0.048587 0.903276 0.903276 0.903276
4388.625000 0.000000 548.694458 0.000000 0.444931 0.000000 0.895565 0.712997 0.712997 0.712997
4381.753418 0.000000 561.533264 0.000000 0.645725 0.000000 0.763570 0.808249 0.808249 0.808249
4338.133789 0.000000 526.414124 0.000000 0.998557 0.000000 -0.053707 0.901569 0.901569 0.901569
4347.327637 0.000000 538.008728 0.000000 0.948065 0.000000 -0.318078 0.921092 0.921092 0.921092
4388.795898 0.000000 544.391907 0.000000 0.741250 0.000000 -0.671229 0.995898 0.995898 0.995898
4331.174316 0.000000 504.514252 0.000000 0.194095 0.000000 0.980983 0.828918 0.828918 0.828918
4327.651367 0.000000 504.023132 0.000000 0.144672 0.000000 -0.989480 0.948048 0.948048 0.948048
4382.874512 0.000000 529.851746 0.000000 0.109147 0.000000 -0.994026 1.005078 1.005078 1.005078
4384.778320 0.000000 559.591187 0.000000 0.606964 0.000000 0.794729 0.778229 0.778229 0.778229
4337.416504 0.000000 533.850281 0.000000 0.107400 0.000000 -0.994216 0.975615 0.975615 0.975615
4373.678711 0.000000 555.776978 0.000000 0.876701 0.000000 0.481035 0.842494 0.842494 0.842494
4360.648926 0.000000 551.652466 0.000000 0.914381 0.000000 -0.404854 0.939335 0.939335 0.939335
4323.847168 0.000000 538.788330 0.000000 0.982432 0.000000 -0.186623 0.911388 0.911388 0.911388
4350.142578 0.000000 537.514221 0.000000 0.512645 0.000000 0.858601 0.790960 0.790960 0.790960
4322.240234 0.000000 541.813660 0.000000 0.949153 0.000000 -0.314814 0.953969 0.953969 0.953969
4348.300293 0.000000 535.544800 0.000000 0.397035 0.000000 0.917803 0.774622 0.774622 0.774622
4330.075684 0.000000 518.725403 0.000000 0.249082 0.000000 0.968482 0.701426 0.701426 0.701426
4328.140625 0.000000 501.335114 0.000000 0.757428 0.000000 -0.652919 0.960743 0.960743 0.960743
4391.067383 0.000000 547.736755 0.000000 0.112809 0.000000 -0.993617 1.145655 1.145655 1.145655
4384.781250 0.000000 531.730347 0.000000 0.030558 0.000000 0.999533 0.713120 0.713120 0.713120
4362.968262 0.000000 550.616028 0.000000 0.942357 0.000000 0.334608 0.842504 0.842504 0.842504
4387.419434 0.000000 560.929443 0.000000 0.968866 0.000000 -0.247586 0.935977 0.935977 0.935977
4319.562500 0.000000 547.721191 0.000000 0.110327 0.000000 -0.993895 1.060770 1.060770 1.060770
4340.293457 0.000000 532.287415 0.000000 0.797684 0.000000 -0.603076 0.952363 0.952363 0.952363
4382.155762 0.000000 559.232849 0.000000 0.909245 0.000000 0.416261 0.827651 0.827651 0.827651
4340.460938 0.000000 529.970093 0.000000 0.581523 0.000000 0.813530 0.780440 0.780440 0.780440
4329.658203 0.000000 502.970734 0.000000 0.927328 0.000000 0.374249 0.835359 0.835359 0.835359
4383.897949 0.000000 561.615234 0.000000 0.730579 0.000000 0.682828 0.773338 0.773338 0.773338
4331.438477 0.000000 516.966248 0.000000 0.207992 0.000000 0.978130 0.670602 0.670602 0.670602
4389.441895 0.000000 546.463928 0.000000 0.898265 0.000000 -0.439453 0.976673 0.976673 0.976673
4371.691895 0.000000 556.439575 0.000000 0.590308 0.000000 0.807178 0.815575 0.815575 0.815575
4374.965820 0.000000 554.118347 0.000000 0.795509 0.000000 0.605942 0.821019 0.821019 0.821019
4339.371094 0.000000 528.255920 0.000000 0.951140 0.000000 -0.308760 0.952190 0.952190 0.952190
4351.941406 0.000000 536.785706 0.000000 0.880560 0.000000 -0.473936 0.952142 0.952142 0.952142
4390.582520 0.000000 549.534241 0.000000 0.732435 0.000000 0.680837 0.773797 0.773797 0.773797
4390.617188 0.000000 545.081055 0.000000 0.485390 0.000000 -0.874298 1.043440 1.043440 1.043440
4323.375488 0.000000 540.476562 0.000000 0.115368 0.000000 0.993323 0.654779 0.654779 0.654779
4339.173828 0.000000 533.600769 0.000000 0.662182 0.000000 -0.749343 1.012293 1.012293 1.012293
4375.229492 0.000000 556.561157 0.000000 0.407641 0.000000 0.913142 0.706049 0.706049 0.706049
4383.011230 0.000000 531.620239 0.000000 0.157509 0.000000 -0.987517 1.122182 1.122182 1.122182
4385.500977 0.000000 561.161621 0.000000 0.736277 0.000000 0.676681 0.774751 0.774751 0.774751
4373.962891 0.000000 557.499451 0.000000 0.402347 0.000000 -0.915487 1.094926 1.094926 1.094926
4333.628418 0.000000 522.190369 0.000000 0.996925 0.000000 -0.078366 0.913220 0.913220 0.913220
4348.657227 0.000000 537.059448 0.000000 0.951507 0.000000 -0.307628 0.952695 0.952695 0.952695
4349.826172 0.000000 536.058228 0.000000 0.788985 0.000000 0.614412 0.788502 0.788502 0.788502
4391.575195 0.000000 560.102661 0.000000 0.035782 0.000000 -0.999360 0.917245 0.917245 0.917245
4391.718750 0.000000 545.251709 0.000000 0.712634 0.000000 0.701536 0.795176 0.795176 0.795176
4396.373047 0.000000 565.184326 0.000000 0.264097 0.000000 0.964496 0.791631 0.791631 0.791631
4395.010742 0.000000 561.481628 0.000000 0.847445 0.000000 -0.530883 0.938981 0.938981 0.938981
4392.546875 0.000000 563.036133 0.000000 0.605322 0.000000 0.795981 0.744859 0.744859 0.744859
4393.922852 0.000000 565.110474 0.000000 0.908819 0.000000 -0.417190 0.966720 0.966720 0.966720
4391.554688 0.000000 547.721191 0.000000 0.253791 0.000000 -0.967259 1.121465 1.121465 1.121465
4394.658691 0.000000 567.213989 0.000000 0.898788 0.000000 0.438384 0.829645 0.829645 0.829645
4394.370605 0.000000 563.045105 0.000000 0.714722 0.000000 -0.699408 1.030528 1.030528 1.030528
4478.845215 0.000000 571.904114 0.000000 0.005837 0.000000 -0.999983 0.977359 0.977359 0.977359
4483.002441 0.000000 554.404785 0.000000 0.993701 0.000000 0.112064 0.888645 0.888645 0.888645
4478.530273 0.000000 564.978577 0.000000 0.829857 0.000000 0.557976 0.846799 0.846799 0.846799
4481.030762 0.000000 569.635620 0.000000 0.975985 0.000000 -0.217839 0.916283 0.916283 0.916283
4478.485352 0.000000 558.584961 0.000000 0.176014 0.000000 0.984388 0.787253 0.787253 0.787253
4480.988770 0.000000 572.504028 0.000000 0.170323 0.000000 0.985388 0.739613 0.739613 0.739613
4479.373047 0.000000 563.310486 0.000000 0.821692 0.000000 -0.569931 1.002192 1.002192 1.002192
4481.853516 0.000000 553.148804 0.000000 0.687701 0.000000 0.725994 0.764909 0.764909 0.764909
4481.936035 0.000000 571.114563 0.000000 0.949080 0.000000 0.315037 0.845991 0.845991 0.845991
4480.232422 0.000000 571.080261 0.000000 0.695564 0.000000 -0.718464 1.035082 1.035082 1.035082
4378.986816 0.000000 646.029480 0.000000 0.153110 0.000000 -0.988209 0.995521 0.995521 0.995521
4366.093262 0.000000 646.986450 0.000000 0.986442 0.000000 -0.164108 0.917039 0.917039 0.917039
4360.456543 0.000000 668.403137 0.000000 0.488045 0.000000 0.872819 0.766505 0.766505 0.766505
4384.007812 0.000000 667.595154 0.000000 0.936322 0.000000 0.351143 0.880652 0.880652 0.880652
4365.184570 0.000000 613.525269 0.000000 0.562362 0.000000 0.826891 0.810313 0.810313 0.810313
4339.509277 0.000000 656.579590 0.000000 0.269612 0.000000 0.962969 0.853343 0.853343 0.853343
4365.187500 0.000000 627.095703 0.000000 0.577324 0.000000 0.816515 0.739007 0.739007 0.739007
4367.145996 0.000000 669.418701 0.000000 0.973572 0.000000 -0.228379 0.935204 0.935204 0.935204
4373.218750 0.000000 648.634705 0.000000 0.815969 0.000000 -0.578095 0.915235 0.915235 0.915235
4378.348145 0.000000 669.190796 0.000000 0.716946 0.000000 -0.697128 0.988394 0.988394 0.988394
4389.482422 0.000000 663.171387 0.000000 0.927863 0.000000 0.372922 0.835600 0.835600 0.835600
4372.482422 0.000000 670.547791 0.000000 0.916316 0.000000 0.400455 0.837049 0.837049 0.837049
4370.125488 0.000000 614.932861 0.000000 0.264154 0.000000 0.964481 0.762348 0.762348 0.762348
4388.464844 0.000000 654.653076 0.000000 0.516213 0.000000 -0.856460 1.073298 1.073298 1.073298
4382.956055 0.000000 662.768372 0.000000 0.944095 0.000000 0.329674 0.866031 0.866031 0.866031
4368.300781 0.000000 630.632263 0.000000 0.339929 0.000000 0.940451 0.765245 0.765245 0.765245
4369.781738 0.000000 625.382141 0.000000 0.989659 0.000000 0.143441 0.875744 0.875744 0.875744
4377.329590 0.000000 664.969238 0.000000 0.761085 0.000000 0.648652 0.865111 0.865111 0.865111
4370.057617 0.000000 645.800537 0.000000 0.416605 0.000000 0.909088 0.756421 0.756421 0.756421
4364.120117 0.000000 666.833130 0.000000 0.675072 0.000000 0.737752 0.760176 0.760176 0.760176
4385.336426 0.000000 652.294678 0.000000 0.046303 0.000000 0.998927 0.845195 0.845195 0.845195
4367.051270 0.000000 622.932495 0.000000 0.769507 0.000000 0.638639 0.864201 0.864201 0.864201
4386.171387 0.000000 664.682007 0.000000 0.911503 0.000000 0.411294 0.828570 0.828570 0.828570
4380.801758 0.000000 665.955200 0.000000 0.533042 0.000000 -0.846089 1.069967 1.069967 1.069967
4367.078125 0.000000 616.613342 0.000000 0.958563 0.000000 -0.284882 0.913631 0.913631 0.913631
4363.605957 0.000000 670.594116 0.000000 0.556999 0.000000 -0.830513 1.065151 1.065151 1.065151
4374.788086 0.000000 667.934998 0.000000 0.113779 0.000000 -0.993506 1.044021 1.044021 1.044021
4369.889648 0.000000 611.511414 0.000000 0.637580 0.000000 0.770384 0.820959 0.820959 0.820959
4370.204102 0.000000 667.797485 0.000000 0.646129 0.000000 0.763228 0.794648 0.794648 0.794648
4376.661621 0.000000 649.007690 0.000000 0.994087 0.000000 -0.108586 0.918335 0.918335 0.918335
4365.351562 0.000000 631.419434 0.000000 0.985643 0.000000 -0.168841 0.928590 0.928590 0.928590
4366.857422 0.000000 610.963989 0.000000 0.786225 0.000000 -0.617940 1.001776 1.001776 1.001776
4386.522949 0.000000 661.742188 0.000000 0.715867 0.000000 0.698237 0.856583 0.856583 0.856583
4370.852051 0.000000 617.693787 0.000000 0.312640 0.000000 0.949872 0.697322 0.697322 0.697322
4369.007324 0.000000 648.535461 0.000000 0.763755 0.000000 0.645506 0.851125 0.851125 0.851125
4363.219727 0.000000 629.183899 0.000000 0.563979 0.000000 -0.825789 1.011337 1.011337 1.011337
4371.403809 0.000000 631.210510 0.000000 0.673923 0.000000 -0.738802 0.965374 0.965374 0.965374
4368.088379 0.000000 619.146729 0.000000 0.053795 0.000000 -0.998552 1.152228 1.152228 1.152228
4362.565918 0.000000 626.420105 0.000000 0.938914 0.000000 0.344152 0.843952 0.843952 0.843952
4379.388184 0.000000 651.133850 0.000000 0.993246 0.000000 0.116026 0.888503 0.888503 0.888503
4339.246582 0.000000 653.062561 0.000000 0.337085 0.000000 -0.941474 0.968922 0.968922 0.968922
4367.987305 0.000000 613.445068 0.000000 0.789930 0.000000 -0.613197 1.011238 1.011238 1.011238
4369.975586 0.000000 671.043274 0.000000 0.924744 0.000000 0.380590 0.834205 0.834205 0.834205
4388.857422 0.000000 660.629150 0.000000 0.328676 0.000000 -0.944443 0.972200 0.972200 0.972200
4367.487305 0.000000 628.152161 0.000000 0.559198 0.000000 0.829034 0.735295 0.735295 0.735295
4376.035156 0.000000 670.237061 0.000000 0.584686 0.000000 0.811260 0.791562 0.791562 0.791562
4340.793945 0.000000 648.542114 0.000000 0.436517 0.000000 -0.899696 1.078525 1.078525 1.078525
4341.797852 0.000000 657.677002 0.000000 0.987900 0.000000 -0.155092 0.912946 0.912946 0.912946
4370.727051 0.000000 623.093994 0.000000 0.988553 0.000000 -0.150872 0.919397 0.919397 0.919397
4366.361328 0.000000 644.342773 0.000000 0.179436 0.000000 -0.983770 1.056202 1.056202 1.056202
4387.944824 0.000000 652.191650 0.000000 0.072211 0.000000 0.997389 0.647474 0.647474 0.647474
4383.173828 0.000000 665.180908 0.000000 0.559506 0.000000 0.828826 0.735358 0.735358 0.735358
4375.204102 0.000000 647.061218 0.000000 0.557959 0.000000 -0.829869 1.027566 1.027566 1.027566
4378.904785 0.000000 648.413330 0.000000 0.999457 0.000000 -0.032951 0.905480 0.905480 0.905480
4378.609375 0.000000 666.885132 0.000000 0.933077 0.000000 -0.359676 0.962001 0.962001 0.962001
4371.179199 0.000000 647.805725 0.000000 0.997224 0.000000 0.074462 0.887440 0.887440 0.887440
4362.634277 0.000000 668.613770 0.000000 0.569200 0.000000 0.822199 0.737337 0.737337 0.737337
4361.203613 0.000000 670.796692 0.000000 0.257568 0.000000 -0.966260 1.094310 1.094310 1.094310
4365.069336 0.000000 668.961609 0.000000 0.966231 0.000000 -0.257678 0.943919 0.943919 0.943919
4365.449219 0.000000 629.270996 0.000000 0.557564 0.000000 -0.830134 1.065037 1.065037 1.065037
4367.963379 0.000000 645.919556 0.000000 0.025625 0.000000 -0.999672 1.073591 1.073591 1.073591
4368.521484 0.000000 621.207458 0.000000 0.946496 0.000000 0.322714 0.844626 0.844626 0.844626
4386.518555 0.000000 653.992676 0.000000 0.780591 0.000000 -0.625042 1.013780 1.013780 1.013780
4376.564453 0.000000 666.928589 0.000000 0.600095 0.000000 -0.799929 1.056245 1.056245 1.056245
4384.918457 0.000000 663.111816 0.000000 0.535427 0.000000 0.844581 0.753107 0.753107 0.753107
4365.598633 0.000000 670.874634 0.000000 0.833972 0.000000 0.551806 0.838271 0.838271 0.838271
4369.092285 0.000000 616.698486 0.000000 0.922636 0.000000 -0.385672 0.966722 0.966722 0.966722
4368.831543 0.000000 623.618164 0.000000 0.590189 0.000000 0.807265 0.741678 0.741678 0.741678
4374.576172 0.000000 671.739746 0.000000 0.997312 0.000000 -0.073266 0.912358 0.912358 0.912358
4367.504395 0.000000 671.428040 0.000000 0.369649 0.000000 -0.929171 1.063399 1.063399 1.063399
4343.722168 0.000000 654.759216 0.000000 0.960149 0.000000 0.279487 0.868177 0.868177 0.868177
4366.439453 0.000000 614.879272 0.000000 0.999879 0.000000 0.015526 0.898256 0.898256 0.898256
4371.900879 0.000000 619.217712 0.000000 0.374791 0.000000 0.927109 0.700033 0.700033 0.700033
4374.175781 0.000000 669.650879 0.000000 0.964419 0.000000 0.264379 0.829662 0.829662 0.829662
4369.170410 0.000000 669.387207 0.000000 0.969859 0.000000 -0.243666 0.941479 0.941479 0.941479
4387.555664 0.000000 663.283569 0.000000 0.807380 0.000000 -0.590031 1.006351 1.006351 1.006351
4384.857910 0.000000 665.947998 0.000000 0.752796 0.000000 0.658254 0.778921 0.778921 0.778921
4381.688477 0.000000 664.072937 0.000000 0.359963 0.000000 -0.932967 1.102653 1.102653 1.102653
4368.566406 0.000000 626.725220 0.000000 0.806103 0.000000 -0.591775 1.005292 1.005292 1.005292
4379.328613 0.000000 664.943604 0.000000 0.922375 0.000000 0.386295 0.850096 0.850096 0.850096
4368.979980 0.000000 644.389587 0.000000 0.005678 0.000000 -0.999984 1.163749 1.163749 1.163749
4368.443359 0.000000 615.079285 0.000000 0.998216 0.000000 -0.059714 0.910069 0.910069 0.910069
4362.562500 0.000000 671.874573 0.000000 0.956188 0.000000 0.292753 0.849933 0.849933 0.849933
4369.752441 0.000000 619.145447 0.000000 0.910839 0.000000 -0.412763 0.970745 0.970745 0.970745
4365.735840 0.000000 667.358826 0.000000 0.935848 0.000000 -0.352404 0.960690 0.960690 0.960690
4366.686523 0.000000 630.440430 0.000000 0.573134 0.000000 0.819462 0.738144 0.738144 0.738144
4366.538086 0.000000 612.639893 0.000000 0.022027 0.000000 0.999757 0.639006 0.639006 0.639006
4371.451172 0.000000 625.232117 0.000000 0.504526 0.000000 0.863397 0.738458 0.738458 0.738458
4368.148438 0.000000 668.125366 0.000000 0.402691 0.000000 0.915336 0.705137 0.705137 0.705137
4386.532227 0.000000 655.584412 0.000000 0.704436 0.000000 -0.709768 1.029442 1.029442 1.029442
4342.273926 0.000000 649.246521 0.000000 0.968668 0.000000 -0.248360 0.942296 0.942296 0.942296
4340.916992 0.000000 655.789124 0.000000 0.874733 0.000000 -0.484605 0.985255 0.985255 0.985255
4368.794434 0.000000 629.014526 0.000000 0.862580 0.000000 -0.505921 0.989390 0.989390 0.989390
4363.759766 0.000000 627.665039 0.000000 0.238272 0.000000 -0.971198 1.112208 1.112208 1.112208
4369.025391 0.000000 647.000610 0.000000 0.722202 0.000000 -0.691682 1.028716 1.028716 1.028716
4375.434082 0.000000 669.094482 0.000000 0.425439 0.000000 -0.904987 1.197416 1.197416 1.197416
4376.280762 0.000000 669.382446 0.000000 0.909833 0.000000 0.414974 0.654823 0.654823 0.654823
4447.840332 0.000000 595.968811 0.000000 0.780762 0.000000 0.624828 0.889385 0.889385 0.889385
4449.296387 0.000000 600.763977 0.000000 0.179755 0.000000 0.983711 0.843780 0.843780 0.843780
4443.194824 0.000000 601.948120 0.000000 0.092489 0.000000 -0.995714 1.062744 1.062744 1.062744
4449.229980 0.000000 592.502686 0.000000 0.889420 0.000000 -0.457091 0.919200 0.919200 0.919200
4455.626953 0.000000 593.434021 0.000000 0.660881 0.000000 -0.750491 0.970565 0.970565 0.970565
4449.979492 0.000000 597.941895 0.000000 0.772395 0.000000 0.635142 0.780935 0.780935 0.780935
4454.218750 0.000000 595.780029 0.000000 0.735675 0.000000 0.677335 0.776273 0.776273 0.776273
4447.117188 0.000000 601.857849 0.000000 0.387070 0.000000 -0.922051 1.079274 1.079274 1.079274
4447.699219 0.000000 598.323059 0.000000 0.345306 0.000000 -0.938490 1.135402 1.135402 1.135402
4453.065430 0.000000 593.987366 0.000000 0.999894 0.000000 -0.014587 0.901770 0.901770 0.901770
4443.689453 0.000000 599.786560 0.000000 0.676524 0.000000 0.736421 0.810725 0.810725 0.810725
4451.122559 0.000000 593.312805 0.000000 0.166968 0.000000 -0.985962 1.038709 1.038709 1.038709
4449.336914 0.000000 594.563293 0.000000 0.990309 0.000000 0.138879 0.882156 0.882156 0.882156
4451.881348 0.000000 597.100830 0.000000 0.074302 0.000000 0.997236 0.631015 0.631015 0.631015
4447.589844 0.000000 600.170715 0.000000 0.176173 0.000000 -0.984359 1.112941 1.112941 1.112941
4455.902344 0.000000 595.132507 0.000000 0.921070 0.000000 -0.389398 0.966504 0.966504 0.966504
4449.847656 0.000000 596.185852 0.000000 0.038942 0.000000 0.999241 0.634974 0.634974 0.634974
4444.940918 0.000000 598.482483 0.000000 0.721229 0.000000 -0.692697 1.028953 1.028953 1.028953
4444.720703 0.000000 600.928345 0.000000 0.754652 0.000000 0.656126 0.779397 0.779397 0.779397
4448.698242 0.000000 597.191528 0.000000 0.694395 0.000000 -0.719594 1.038965 1.038965 1.038965
4452.792480 0.000000 595.443848 0.000000 0.973912 0.000000 0.226926 0.842906 0.842906 0.842906
4335.877441 0.000000 699.318970 0.000000 0.562394 0.000000 -0.826870 1.053117 1.053117 1.053117
4369.116211 0.000000 684.891174 0.000000 0.116894 0.000000 -0.993144 1.030646 1.030646 1.030646
4360.859375 0.000000 672.296387 0.000000 0.173884 0.000000 -0.984766 1.135254 1.135254 1.135254
4377.437988 0.000000 671.929260 0.000000 0.859980 0.000000 -0.510328 0.961371 0.961371 0.961371
4328.453125 0.000000 699.495422 0.000000 0.842143 0.000000 0.539254 0.891042 0.891042 0.891042
4342.332520 0.000000 700.626892 0.000000 0.925815 0.000000 0.377977 0.835552 0.835552 0.835552
4331.590332 0.000000 704.300659 0.000000 0.779910 0.000000 0.625892 0.877207 0.877207 0.877207
4374.995605 0.000000 677.366882 0.000000 0.974875 0.000000 0.222753 0.872239 0.872239 0.872239
4365.837402 0.000000 672.375732 0.000000 0.907583 0.000000 -0.419874 0.973019 0.973019 0.973019
4372.705566 0.000000 672.132263 0.000000 0.603112 0.000000 -0.797656 1.049384 1.049384 1.049384
4338.757324 0.000000 703.417603 0.000000 0.568584 0.000000 0.822625 0.808838 0.808838 0.808838
4334.786621 0.000000 694.992798 0.000000 0.044316 0.000000 -0.999018 0.996035 0.996035 0.996035
4347.287598 0.000000 699.464417 0.000000 0.356456 0.000000 0.934312 0.786160 0.786160 0.786160
4342.213867 0.000000 696.701660 0.000000 0.855608 0.000000 -0.517624 0.922004 0.922004 0.922004
4355.757812 0.000000 687.784058 0.000000 0.377583 0.000000 0.925976 0.511720 0.511720 0.511720
4331.174316 0.000000 696.483032 0.000000 0.802649 0.000000 -0.596452 0.964617 0.964617 0.964617
4332.177246 0.000000 700.484009 0.000000 0.770093 0.000000 -0.637932 1.016582 1.016582 1.016582
4327.663574 0.000000 703.088440 0.000000 0.425125 0.000000 0.905135 0.709290 0.709290 0.709290
4335.068359 0.000000 703.116272 0.000000 0.909916 0.000000 -0.414793 0.924026 0.924026 0.924026
4361.975586 0.000000 675.478027 0.000000 0.940500 0.000000 -0.339794 0.938950 0.938950 0.938950
4369.400391 0.000000 671.986877 0.000000 0.031372 0.000000 -0.999508 1.159418 1.159418 1.159418
4377.483887 0.000000 675.283630 0.000000 0.761159 0.000000 -0.648566 0.979281 0.979281 0.979281
4372.709961 0.000000 675.094421 0.000000 0.983365 0.000000 -0.181638 0.924624 0.924624 0.924624
4344.519531 0.000000 698.607483 0.000000 0.984079 0.000000 -0.177734 0.930111 0.930111 0.930111
4375.189941 0.000000 673.635986 0.000000 0.811743 0.000000 -0.584015 1.005098 1.005098 1.005098
4339.246094 0.000000 700.708496 0.000000 0.975333 0.000000 -0.220737 0.937507 0.937507 0.937507
4330.074707 0.000000 702.049133 0.000000 0.741368 0.000000 0.671099 0.776024 0.776024 0.776024
4363.443848 0.000000 673.357056 0.000000 0.747380 0.000000 -0.664397 1.022459 1.022459 1.022459
4328.411621 0.000000 705.665283 0.000000 0.216312 0.000000 0.976324 0.811854 0.811854 0.811854
4367.687500 0.000000 674.034912 0.000000 0.891907 0.000000 -0.452219 0.928468 0.928468 0.928468
4337.072266 0.000000 701.713562 0.000000 0.546393 0.000000 -0.837529 1.067294 1.067294 1.067294
4326.166016 0.000000 701.125610 0.000000 0.967204 0.000000 0.254001 0.869417 0.869417 0.869417
4332.335449 0.000000 694.515564 0.000000 0.222306 0.000000 0.974977 0.797126 0.797126 0.797126
4330.685547 0.000000 698.852234 0.000000 0.957282 0.000000 -0.289157 0.927683 0.927683 0.927683
4341.136719 0.000000 698.649231 0.000000 0.688451 0.000000 0.725283 0.777844 0.777844 0.777844
4334.426270 0.000000 701.004211 0.000000 0.728390 0.000000 -0.685162 1.027201 1.027201 1.027201
4364.052246 0.000000 675.808472 0.000000 0.735588 0.000000 0.677429 0.777924 0.777924 0.777924
4345.493652 0.000000 700.579163 0.000000 0.660099 0.000000 -0.751179 1.006933 1.006933 1.006933
4354.557617 0.000000 686.257507 0.000000 0.977008 0.000000 -0.213201 0.970481 0.970481 0.970481
4360.010254 0.000000 675.993958 0.000000 0.822089 0.000000 0.569359 0.831950 0.831950 0.831950
4365.237793 0.000000 674.226868 0.000000 0.377609 0.000000 0.925965 0.705865 0.705865 0.705865
4329.541992 0.000000 703.960876 0.000000 0.932164 0.000000 0.362036 0.837573 0.837573 0.837573
4360.570312 0.000000 674.202087 0.000000 0.980050 0.000000 0.198752 0.877522 0.877522 0.877522
4326.502441 0.000000 694.262573 0.000000 0.968546 0.000000 -0.248835 0.987582 0.987582 0.987582
4374.567383 0.000000 675.477539 0.000000 0.996581 0.000000 0.082621 0.886061 0.886061 0.886061
4354.295898 0.000000 680.285889 0.000000 0.495648 0.000000 0.868524 0.550096 0.550096 0.550096
4367.619141 0.000000 672.189270 0.000000 0.826061 0.000000 -0.563580 1.000893 1.000893 1.000893
4328.360352 0.000000 701.342957 0.000000 0.376349 0.000000 -0.926478 1.081046 1.081046 1.081046
4342.809082 0.000000 698.816589 0.000000 0.792826 0.000000 0.609449 0.789560 0.789560 0.789560
4333.724609 0.000000 699.471436 0.000000 0.843349 0.000000 -0.537367 0.995602 0.995602 0.995602
4329.879883 0.000000 700.406616 0.000000 0.903972 0.000000 -0.427591 0.967506 0.967506 0.967506
4373.516602 0.000000 673.623535 0.000000 0.823853 0.000000 0.566804 0.802510 0.802510 0.802510
4340.770996 0.000000 700.277771 0.000000 0.849735 0.000000 0.527210 0.806420 0.806420 0.806420
4343.959961 0.000000 700.135254 0.000000 0.993941 0.000000 -0.109919 0.918313 0.918313 0.918313
4331.395020 0.000000 702.782532 0.000000 0.972362 0.000000 -0.233478 0.939712 0.939712 0.939712
4324.566895 0.000000 697.831421 0.000000 0.885830 0.000000 -0.464011 1.001912 1.001912 1.001912
4374.365723 0.000000 672.390381 0.000000 0.928980 0.000000 -0.370129 0.963893 0.963893 0.963893
4353.490234 0.000000 687.134766 0.000000 0.994549 0.000000 -0.104273 0.921359 0.921359 0.921359
4354.825195 0.000000 681.843750 0.000000 0.563448 0.000000 -0.826152 1.223310 1.223310 1.223310
4334.469727 0.000000 696.751892 0.000000 0.187480 0.000000 -0.982269 1.514920 1.514920 1.514920
4326.327148 0.000000 695.616760 0.000000 0.979700 0.000000 -0.200467 0.970293 0.970293 0.970293
4368.764648 0.000000 687.993530 0.000000 0.755642 0.000000 -0.654985 1.177604 1.177604 1.177604
4368.652832 0.000000 686.099670 0.000000 0.946512 0.000000 0.322668 0.772290 0.772290 0.772290
4345.152832 0.000000 694.879761 0.000000 0.901348 0.000000 0.433096 0.769163 0.769163 0.769163
4355.507812 0.000000 680.014099 0.000000 0.373889 0.000000 -0.927473 1.294924 1.294924 1.294924
4354.577637 0.000000 687.578613 0.000000 0.302866 0.000000 -0.953033 1.314355 1.314355 1.314355
4347.349121 0.000000 695.160645 0.000000 0.276898 0.000000 0.960899 0.189742 0.189742 0.189742
4332.716797 0.000000 697.018066 0.000000 0.998677 0.000000 -0.051423 0.927627 0.927627 0.927627
4327.280273 0.000000 694.980225 0.000000 0.528306 0.000000 -0.849054 1.253211 1.253211 1.253211
4347.743652 0.000000 694.157288 0.000000 0.801506 0.000000 -0.597987 1.252856 1.252856 1.252856
4354.617676 0.000000 682.708008 0.000000 0.448508 0.000000 0.893779 0.266480 0.266480 0.266480
4333.633301 0.000000 696.936340 0.000000 0.990323 0.000000 0.138782 0.825231 0.825231 0.825231
4479.861816 0.000000 603.334595 0.000000 0.056826 0.000000 -0.998384 1.097296 1.097296 1.097296
4496.782227 0.000000 594.322327 0.000000 0.002144 0.000000 0.999998 0.635655 0.635655 0.635655
4497.362793 0.000000 582.716919 0.000000 0.971975 0.000000 -0.235084 0.924527 0.924527 0.924527
4493.776855 0.000000 613.837769 0.000000 0.813250 0.000000 -0.581915 1.004663 1.004663 1.004663
4499.496094 0.000000 577.660522 0.000000 0.573675 0.000000 -0.819083 0.921566 0.921566 0.921566
4497.587402 0.000000 588.571289 0.000000 0.882468 0.000000 -0.470373 0.982525 0.982525 0.982525
4484.183594 0.000000 615.379456 0.000000 0.593486 0.000000 0.804844 0.843252 0.843252 0.843252
4482.741699 0.000000 607.433228 0.000000 0.749397 0.000000 -0.662121 0.939023 0.939023 0.939023
4478.886719 0.000000 588.136108 0.000000 0.700525 0.000000 0.713628 0.826793 0.826793 0.826793
4470.837402 0.000000 595.079773 0.000000 0.059831 0.000000 0.998209 0.703096 0.703096 0.703096
4495.760742 0.000000 610.359558 0.000000 0.163764 0.000000 0.986500 0.663016 0.663016 0.663016
4499.742188 0.000000 591.799683 0.000000 0.195132 0.000000 0.980777 0.819708 0.819708 0.819708
4476.161621 0.000000 604.499634 0.000000 0.751274 0.000000 0.659991 0.861130 0.861130 0.861130
4496.153320 0.000000 579.285889 0.000000 0.386341 0.000000 0.922356 0.739072 0.739072 0.739072
4480.330566 0.000000 615.255249 0.000000 0.999617 0.000000 -0.027664 0.902238 0.902238 0.902238
4495.247559 0.000000 617.333191 0.000000 0.122054 0.000000 0.992523 0.776330 0.776330 0.776330
4479.052734 0.000000 607.131897 0.000000 0.872334 0.000000 0.488910 0.828836 0.828836 0.828836
4499.984375 0.000000 585.161987 0.000000 0.972234 0.000000 0.234013 0.860196 0.860196 0.860196
4475.165527 0.000000 589.294800 0.000000 0.989579 0.000000 -0.143989 0.911038 0.911038 0.911038
4492.087891 0.000000 617.259155 0.000000 0.350546 0.000000 -0.936546 1.104351 1.104351 1.104351
4498.494629 0.000000 601.979126 0.000000 0.316509 0.000000 -0.948590 0.995397 0.995397 0.995397
4495.493164 0.000000 606.912598 0.000000 0.085031 0.000000 -0.996378 1.150359 1.150359 1.150359
4499.854980 0.000000 580.892700 0.000000 0.161206 0.000000 -0.986921 1.137421 1.137421 1.137421
4496.104980 0.000000 591.431702 0.000000 0.398339 0.000000 -0.917238 1.095664 1.095664 1.095664
4477.402832 0.000000 596.571716 0.000000 0.724974 0.000000 -0.688777 1.009260 1.009260 1.009260
4494.928711 0.000000 588.822083 0.000000 0.083957 0.000000 0.996469 0.766378 0.766378 0.766378
4472.125000 0.000000 597.319519 0.000000 0.995292 0.000000 0.096925 0.884950 0.884950 0.884950
4499.846680 0.000000 598.223511 0.000000 0.869839 0.000000 -0.493336 0.952165 0.952165 0.952165
4497.661621 0.000000 596.658142 0.000000 0.209166 0.000000 -0.977880 1.129196 1.129196 1.129196
4497.465820 0.000000 586.104370 0.000000 0.732373 0.000000 0.680904 0.773781 0.773781 0.773781
4495.882324 0.000000 614.947327 0.000000 0.908813 0.000000 -0.417204 0.957052 0.957052 0.957052
4476.367676 0.000000 587.182434 0.000000 0.999309 0.000000 -0.037167 0.904845 0.904845 0.904845
4480.651855 0.000000 617.559814 0.000000 0.674626 0.000000 -0.738160 0.983956 0.983956 0.983956
4477.394043 0.000000 589.852356 0.000000 0.803295 0.000000 0.595582 0.792488 0.792488 0.792488
4494.146973 0.000000 603.026978 0.000000 0.208443 0.000000 -0.978035 1.129320 1.129320 1.129320
4476.319824 0.000000 598.531189 0.000000 0.971753 0.000000 -0.235999 0.939613 0.939613 0.939613
4494.649902 0.000000 593.821533 0.000000 0.289833 0.000000 -0.957077 1.097941 1.097941 1.097941
4478.410645 0.000000 605.019836 0.000000 0.954725 0.000000 0.297490 0.849097 0.849097 0.849097
4495.617676 0.000000 596.185303 0.000000 0.993476 0.000000 0.114040 0.889985 0.889985 0.889985
4495.573242 0.000000 612.676331 0.000000 0.592853 0.000000 0.805310 0.744338 0.744338 0.744338
4472.964844 0.000000 595.183960 0.000000 0.821446 0.000000 0.570286 0.797735 0.797735 0.797735
4497.813965 0.000000 592.515869 0.000000 0.431937 0.000000 0.901904 0.710560 0.710560 0.710560
4493.547363 0.000000 618.651428 0.000000 0.998899 0.000000 0.046904 0.892725 0.892725 0.892725
4493.728027 0.000000 615.930054 0.000000 0.228192 0.000000 0.973616 0.674090 0.674090 0.674090
4494.426758 0.000000 590.633728 0.000000 0.911185 0.000000 0.411997 0.835119 0.835119 0.835119
4497.088867 0.000000 605.666748 0.000000 0.909098 0.000000 0.416583 0.852693 0.852693 0.852693
4496.008789 0.000000 587.310181 0.000000 0.053246 0.000000 0.998581 0.644271 0.644271 0.644271
4490.273438 0.000000 617.754272 0.000000 0.116745 0.000000 -0.993162 1.135188 1.135188 1.135188
4492.143066 0.000000 612.771362 0.000000 0.926129 0.000000 -0.377206 0.965179 0.965179 0.965179
4498.280273 0.000000 584.301514 0.000000 0.617846 0.000000 0.786299 0.747527 0.747527 0.747527
4496.438965 0.000000 584.334351 0.000000 0.180435 0.000000 -0.983587 1.071697 1.071697 1.071697
4496.934082 0.000000 580.906494 0.000000 0.742071 0.000000 -0.670321 0.995738 0.995738 0.995738
4496.266113 0.000000 597.760864 0.000000 0.449102 0.000000 0.893480 0.713783 0.713783 0.713783
4496.295898 0.000000 589.805847 0.000000 0.672351 0.000000 -0.740232 1.040445 1.040445 1.040445
4497.674805 0.000000 603.391418 0.000000 0.444866 0.000000 0.895597 0.712985 0.712985 0.712985
4491.661621 0.000000 618.781128 0.000000 0.295533 0.000000 0.955333 0.685851 0.685851 0.685851
4490.731934 0.000000 616.253479 0.000000 0.076942 0.000000 -0.997036 1.141658 1.141658 1.141658
4494.604004 0.000000 608.186768 0.000000 0.331278 0.000000 0.943533 0.692195 0.692195 0.692195
4498.437988 0.000000 581.546387 0.000000 0.796216 0.000000 -0.605012 1.009499 1.009499 1.009499
4497.437500 0.000000 600.754211 0.000000 0.871158 0.000000 -0.491002 0.986490 0.986490 0.986490
4496.026855 0.000000 592.959412 0.000000 0.995169 0.000000 0.098178 0.883429 0.883429 0.883429
4599.984375 0.000000 667.595154 0.000000 0.654106 0.000000 -0.756403 1.011788 1.011788 1.011788
4605.430664 0.000000 669.255859 0.000000 0.375432 0.000000 0.926850 0.836048 0.836048 0.836048
4602.147949 0.000000 664.682007 0.000000 0.999419 0.000000 -0.034084 0.901226 0.901226 0.901226
4596.778320 0.000000 665.955200 0.000000 0.965729 0.000000 0.259552 0.879352 0.879352 0.879352
4601.402344 0.000000 670.708069 0.000000 0.342759 0.000000 0.939423 0.757347 0.757347 0.757347
4595.122070 0.000000 657.940308 0.000000 0.999605 0.000000 0.028093 0.896402 0.896402 0.896402
4596.977051 0.000000 660.815247 0.000000 0.813719 0.000000 -0.581259 1.004527 1.004527 1.004527
4599.150391 0.000000 665.180908 0.000000 0.703386 0.000000 0.710809 0.766763 0.766763 0.766763
4600.895020 0.000000 663.111816 0.000000 0.711212 0.000000 0.702978 0.822929 0.822929 0.822929
4604.943359 0.000000 671.139282 0.000000 0.971632 0.000000 0.236500 0.860838 0.860838 0.860838
4600.834473 0.000000 665.947998 0.000000 0.857900 0.000000 -0.513817 0.990937 0.990937 0.990937
4601.524902 0.000000 668.792358 0.000000 0.545627 0.000000 0.838028 0.732552 0.732552 0.732552
4598.264160 0.000000 667.112427 0.000000 0.379384 0.000000 0.925239 0.746006 0.746006 0.746006
4593.772461 0.000000 659.042114 0.000000 0.925742 0.000000 -0.378155 0.964480 0.964480 0.964480
4597.406250 0.000000 662.362976 0.000000 0.484736 0.000000 -0.874661 1.079426 1.079426 1.079426
4607.112793 0.000000 681.139893 0.000000 0.692544 0.000000 0.721376 0.780506 0.780506 0.780506
4604.629883 0.000000 671.934265 0.000000 0.995924 0.000000 0.090198 0.885185 0.885185 0.885185
4606.350098 0.000000 673.848572 0.000000 0.533271 0.000000 -0.845944 1.026875 1.026875 1.026875
4604.101074 0.000000 674.564026 0.000000 0.600342 0.000000 -0.799743 1.056193 1.056193 1.056193
4606.367676 0.000000 683.285400 0.000000 0.749424 0.000000 0.662091 0.826836 0.826836 0.826836
4602.829590 0.000000 672.911072 0.000000 0.812147 0.000000 -0.583452 1.002182 1.002182 1.002182
4607.440918 0.000000 678.488159 0.000000 0.549956 0.000000 -0.835193 1.066576 1.066576 1.066576
2583.590820 0.000000 1945.770264 0.000000 0.298616 0.000000 0.954373 0.857279 0.857279 0.857279
2580.815430 0.000000 1944.947021 0.000000 0.954376 0.000000 0.298607 0.881604 0.881604 0.881604
2573.144287 0.000000 1942.263794 0.000000 0.966999 0.000000 0.254780 0.845588 0.845588 0.845588
2572.923828 0.000000 1944.709595 0.000000 0.934263 0.000000 0.356585 0.783668 0.783668 0.783668
2571.043945 0.000000 1953.269409 0.000000 0.825530 0.000000 0.564358 0.595496 0.595496 0.595496
2580.169189 0.000000 1947.337769 0.000000 0.406713 0.000000 0.913556 0.239985 0.239985 0.239985
2662.066650 0.000000 2001.956543 0.000000 0.044046 0.000000 -0.999030 1.023495 1.023495 1.023495
2662.172852 0.000000 1999.837158 0.000000 0.782088 0.000000 0.623168 0.816858 0.816858 0.816858
2657.245361 0.000000 1997.786499 0.000000 0.061095 0.000000 0.998132 0.475993 0.475993 0.475993
2662.999756 0.000000 2006.802368 0.000000 0.846022 0.000000 0.533148 0.754701 0.754701 0.754701
2663.724854 0.000000 2007.351807 0.000000 0.261719 0.000000 0.965144 0.562541 0.562541 0.562541
2786.741699 0.000000 2083.296631 0.000000 0.477923 0.000000 -0.878402 0.984343 0.984343 0.984343
2858.289551 0.000000 2054.698486 0.000000 0.705898 0.000000 -0.708313 0.921222 0.921222 0.921222
2871.120361 0.000000 2102.533936 0.000000 0.129352 0.000000 0.991599 0.809337 0.809337 0.809337
2865.493652 0.000000 2104.734863 0.000000 0.998154 0.000000 0.060735 0.893446 0.893446 0.893446
2855.021729 0.000000 2050.729736 0.000000 0.987278 0.000000 -0.159004 0.907893 0.907893 0.907893
2860.568848 0.000000 2053.269531 0.000000 0.889579 0.000000 -0.456781 0.938371 0.938371 0.938371
2856.151367 0.000000 2053.210693 0.000000 0.054768 0.000000 -0.998499 0.998783 0.998783 0.998783
2870.329834 0.000000 2063.237305 0.000000 0.338914 0.000000 0.940817 0.806414 0.806414 0.806414
2868.488525 0.000000 2070.339600 0.000000 0.905828 0.000000 -0.423645 0.933420 0.933420 0.933420
2860.055908 0.000000 2051.475586 0.000000 0.522481 0.000000 0.852651 0.755468 0.755468 0.755468
2856.718018 0.000000 2050.001465 0.000000 0.869846 0.000000 0.493324 0.839722 0.839722 0.839722
2820.356934 0.000000 2072.299561 0.000000 0.811217 0.000000 0.584745 0.765280 0.765280 0.765280
2920.612793 0.000000 2012.184448 0.000000 0.975366 0.000000 0.220591 0.897501 0.897501 0.897501
2900.161377 0.000000 2017.191406 0.000000 0.678900 0.000000 -0.734230 0.920379 0.920379 0.920379
2895.813477 0.000000 2030.598145 0.000000 0.155711 0.000000 -0.987803 0.982631 0.982631 0.982631
2980.461182 0.000000 2027.643677 0.000000 0.999948 0.000000 0.010207 0.899794 0.899794 0.899794
2997.911377 0.000000 2032.030273 0.000000 0.720997 0.000000 -0.692938 0.930962 0.930962 0.930962
2992.466797 0.000000 2023.884399 0.000000 0.737231 0.000000 -0.675641 0.936670 0.936670 0.936670
2980.568359 0.000000 2024.533691 0.000000 0.876005 0.000000 -0.482302 0.932794 0.932794 0.932794
3032.593506 0.000000 2043.276733 0.000000 0.781496 0.000000 -0.623910 0.922707 0.922707 0.922707
3088.829590 0.000000 2062.653320 0.000000 0.940635 0.000000 -0.339420 0.905447 0.905447 0.905447
3035.730957 0.000000 2048.082031 0.000000 0.986381 0.000000 0.164474 0.892946 0.892946 0.892946
3040.128174 0.000000 2034.753418 0.000000 0.774537 0.000000 -0.632529 0.918464 0.918464 0.918464
3035.314697 0.000000 2040.264404 0.000000 0.903087 0.000000 0.429458 0.864094 0.864094 0.864094
3027.623535 0.000000 2047.995850 0.000000 0.377918 0.000000 0.925839 0.852145 0.852145 0.852145
3090.605713 0.000000 2060.035645 0.000000 0.999708 0.000000 -0.024164 0.901575 0.901575 0.901575
3072.273926 0.000000 2036.099609 0.000000 0.416595 0.000000 -0.909092 0.956406 0.956406 0.956406
3037.757812 0.000000 2041.610107 0.000000 0.919525 0.000000 -0.393032 0.927227 0.927227 0.927227
3037.865479 0.000000 2043.252686 0.000000 0.642887 0.000000 -0.765961 1.047037 1.047037 1.047037
3105.990479 0.000000 2075.444092 0.000000 0.790683 0.000000 0.612226 0.885196 0.885196 0.885196
3102.050293 0.000000 2071.401123 0.000000 0.885724 0.000000 -0.464212 0.921693 0.921693 0.921693
3196.490479 0.000000 1994.963013 0.000000 0.998111 0.000000 0.061444 0.896408 0.896408 0.896408
3182.625977 0.000000 1998.350708 0.000000 0.676895 0.000000 -0.736079 0.961339 0.961339 0.961339
3275.566895 0.000000 2015.164795 0.000000 0.893416 0.000000 0.449230 0.887438 0.887438 0.887438
3273.329346 0.000000 2014.465820 0.000000 0.979398 0.000000 0.201940 0.883095 0.883095 0.883095
3271.722656 0.000000 2013.883423 0.000000 0.896932 0.000000 0.442168 0.676683 0.676683 0.676683
3269.518311 0.000000 2011.337891 0.000000 0.821398 0.000000 -0.570355 1.120923 1.120923 1.120923
3274.401611 0.000000 2011.422485 0.000000 0.460810 0.000000 -0.887499 1.128162 1.128162 1.128162
3270.893555 0.000000 2011.489014 0.000000 0.763147 0.000000 -0.646224 1.201537 1.201537 1.201537
3273.736328 0.000000 2013.207031 0.000000 0.636296 0.000000 -0.771445 1.266255 1.266255 1.266255
3269.232666 0.000000 2010.111816 0.000000 0.999989 0.000000 -0.004746 0.901727 0.901727 0.901727
3273.179932 0.000000 2011.332520 0.000000 0.995147 0.000000 0.098396 0.853497 0.853497 0.853497
3266.891113 0.000000 2010.755371 0.000000 0.695815 0.000000 0.718221 0.674962 0.674962 0.674962
3271.490234 0.000000 2012.395630 0.000000 0.842378 0.000000 -0.538888 1.177487 1.177487 1.177487
3272.730713 0.000000 2013.518799 0.000000 0.999323 0.000000 0.036782 0.884707 0.884707 0.884707
3270.675781 0.000000 2013.820190 0.000000 0.473300 0.000000 0.880901 0.374509 0.374509 0.374509
3273.722412 0.000000 2012.198120 0.000000 0.997351 0.000000 -0.072734 0.930260 0.930260 0.930260
3220.445068 0.000000 2026.338013 0.000000 0.791850 0.000000 0.610716 0.811432 0.811432 0.811432
3224.424561 0.000000 2026.473999 0.000000 0.981482 0.000000 0.191557 0.870117 0.870117 0.870117
3225.974609 0.000000 2027.267700 0.000000 0.862897 0.000000 0.505380 0.817859 0.817859 0.817859
3223.479980 0.000000 2026.877197 0.000000 0.526683 0.000000 0.850062 0.498179 0.498179 0.498179
3334.528809 0.000000 1970.858154 0.000000 0.148539 0.000000 0.988907 0.650835 0.650835 0.650835
3323.048340 0.000000 1998.564697 0.000000 0.874918 0.000000 0.484271 0.715989 0.715989 0.715989
3320.926758 0.000000 1997.000000 0.000000 0.960252 0.000000 -0.279133 0.957842 0.957842 0.957842
3323.770020 0.000000 1999.546631 0.000000 0.483066 0.000000 -0.875584 1.288254 1.288254 1.288254
3322.780029 0.000000 1995.136353 0.000000 0.971619 0.000000 -0.236550 1.010537 1.010537 1.010537
3335.309082 0.000000 1969.869507 0.000000 0.993189 0.000000 -0.116512 0.944605 0.944605 0.944605
3321.069580 0.000000 1995.909424 0.000000 0.997932 0.000000 -0.064277 0.936853 0.936853 0.936853
3320.529785 0.000000 1995.025146 0.000000 0.744977 0.000000 -0.667090 1.318429 1.318429 1.318429
3334.587891 0.000000 1968.354126 0.000000 0.672608 0.000000 -0.739999 1.218209 1.218209 1.218209
3868.547607 0.000000 1817.070923 0.000000 0.872009 0.000000 0.489489 0.833341 0.833341 0.833341
3854.960938 0.000000 1801.694946 0.000000 0.997468 0.000000 -0.071119 0.907197 0.907197 0.907197
3862.712891 0.000000 1811.461914 0.000000 0.944731 0.000000 0.327845 0.876734 0.876734 0.876734
3868.537354 0.000000 1822.360352 0.000000 0.903661 0.000000 -0.428248 0.974578 0.974578 0.974578
3869.451660 0.000000 1811.561523 0.000000 0.394349 0.000000 -0.918961 0.926186 0.926186 0.926186
3864.053955 0.000000 1816.036133 0.000000 0.688176 0.000000 0.725543 0.852574 0.852574 0.852574
3865.479004 0.000000 1803.191528 0.000000 0.591509 0.000000 0.806298 0.883142 0.883142 0.883142
3856.836914 0.000000 1805.752075 0.000000 0.364468 0.000000 -0.931216 0.969971 0.969971 0.969971
3864.269043 0.000000 1807.572144 0.000000 0.441836 0.000000 -0.897096 1.082583 1.082583 1.082583
3859.024170 0.000000 1801.190186 0.000000 0.362669 0.000000 -0.931918 1.102164 1.102164 1.102164
3866.204590 0.000000 1813.084595 0.000000 0.910208 0.000000 -0.414150 0.971958 0.971958 0.971958
3866.258789 0.000000 1819.609985 0.000000 0.050630 0.000000 -0.998717 1.156170 1.156170 1.156170
3866.981689 0.000000 1809.398682 0.000000 0.647676 0.000000 -0.761916 0.997320 0.997320 0.997320
3862.513184 0.000000 1801.966064 0.000000 0.949198 0.000000 -0.314680 0.921578 0.921578 0.921578
3856.703613 0.000000 1799.449463 0.000000 0.386214 0.000000 -0.922409 0.952769 0.952769 0.952769
3857.290771 0.000000 1803.210327 0.000000 0.011372 0.000000 -0.999935 1.162789 1.162789 1.162789
3863.564453 0.000000 1805.017944 0.000000 0.182968 0.000000 -0.983119 1.133698 1.133698 1.133698
3854.598633 0.000000 1807.256592 0.000000 0.809757 0.000000 -0.586766 0.978900 0.978900 0.978900
3861.668945 0.000000 1807.562988 0.000000 0.870761 0.000000 -0.491706 0.940425 0.940425 0.940425
3868.357666 0.000000 1814.599731 0.000000 0.614012 0.000000 -0.789297 0.994020 0.994020 0.994020
3866.434326 0.000000 1815.995972 0.000000 0.999710 0.000000 -0.024097 0.904061 0.904061 0.904061
3864.621582 0.000000 1809.923340 0.000000 0.999265 0.000000 0.038342 0.893537 0.893537 0.893537
3856.947998 0.000000 1808.124634 0.000000 0.820302 0.000000 0.571931 0.832966 0.832966 0.832966
3860.405273 0.000000 1811.759521 0.000000 0.810338 0.000000 0.585962 0.794497 0.794497 0.794497
3868.578125 0.000000 1820.034668 0.000000 0.102055 0.000000 0.994779 0.652522 0.652522 0.652522
3860.257324 0.000000 1802.965332 0.000000 0.208463 0.000000 -0.978030 1.129317 1.129317 1.129317
3860.995117 0.000000 1800.541138 0.000000 0.768650 0.000000 0.639670 0.809549 0.809549 0.809549
3867.424805 0.000000 1811.501099 0.000000 0.870122 0.000000 -0.492836 0.985687 0.985687 0.985687
3864.686279 0.000000 1811.850708 0.000000 0.725954 0.000000 0.687744 0.772201 0.772201 0.772201
3859.244873 0.000000 1813.216431 0.000000 0.085814 0.000000 -0.996311 1.086836 1.086836 1.086836
3856.804688 0.000000 1801.410034 0.000000 0.670038 0.000000 0.742327 0.759029 0.759029 0.759029
3862.972900 0.000000 1808.912476 0.000000 0.937987 0.000000 -0.346671 0.958863 0.958863 0.958863
3867.160645 0.000000 1821.177979 0.000000 0.329641 0.000000 0.944106 0.691903 0.691903 0.691903
3869.561035 0.000000 1818.585938 0.000000 0.828856 0.000000 -0.559462 0.988048 0.988048 0.988048
3862.384277 0.000000 1803.801025 0.000000 0.932247 0.000000 0.361823 0.837611 0.837611 0.837611
3867.098389 0.000000 1817.982910 0.000000 0.924304 0.000000 -0.381657 0.965989 0.965989 0.965989
3865.826904 0.000000 1808.164917 0.000000 0.746882 0.000000 -0.664956 1.022585 1.022585 1.022585
3859.305908 0.000000 1810.565674 0.000000 0.868077 0.000000 0.496429 0.826465 0.826465 0.826465
3862.948486 0.000000 1806.535645 0.000000 0.873775 0.000000 -0.486331 0.985587 0.985587 0.985587
3865.962646 0.000000 1810.879761 0.000000 0.995941 0.000000 0.090005 0.884812 0.884812 0.884812
3867.836670 0.000000 1813.040283 0.000000 0.826975 0.000000 -0.562238 1.000620 1.000620 1.000620
3866.805908 0.000000 1814.490479 0.000000 0.929483 0.000000 0.368866 0.836336 0.836336 0.836336
3863.881836 0.000000 1803.523560 0.000000 0.744774 0.000000 -0.667316 1.023118 1.023118 1.023118
3858.763428 0.000000 1802.924194 0.000000 0.999122 0.000000 -0.041896 0.907062 0.907062 0.907062
3856.289307 0.000000 1868.522217 0.000000 0.201400 0.000000 -0.979509 0.903074 0.903074 0.903074
3840.542725 0.000000 1859.086914 0.000000 0.511376 0.000000 0.859357 0.844240 0.844240 0.844240
3851.833740 0.000000 1858.071045 0.000000 0.636819 0.000000 0.771013 0.828784 0.828784 0.828784
3845.906494 0.000000 1868.448730 0.000000 0.974577 0.000000 -0.224052 0.908631 0.908631 0.908631
3826.242676 0.000000 1888.292114 0.000000 0.927119 0.000000 0.374767 0.841307 0.841307 0.841307
3861.239258 0.000000 1861.322266 0.000000 0.986516 0.000000 -0.163663 0.905172 0.905172 0.905172
3834.453125 0.000000 1874.518799 0.000000 0.893997 0.000000 -0.448073 0.978294 0.978294 0.978294
3832.466553 0.000000 1859.136475 0.000000 0.570375 0.000000 -0.821384 0.917325 0.917325 0.917325
3838.325928 0.000000 1868.093750 0.000000 0.207859 0.000000 0.978159 0.823526 0.823526 0.823526
3848.240479 0.000000 1851.811523 0.000000 0.880180 0.000000 0.474640 0.827771 0.827771 0.827771
3857.437500 0.000000 1853.776855 0.000000 0.999093 0.000000 0.042583 0.896650 0.896650 0.896650
3838.387451 0.000000 1852.439453 0.000000 0.718817 0.000000 -0.695199 0.922453 0.922453 0.922453
3851.079834 0.000000 1864.563599 0.000000 0.653392 0.000000 -0.757020 0.940519 0.940519 0.940519
3848.898438 0.000000 1873.956665 0.000000 0.828172 0.000000 0.560474 0.893316 0.893316 0.893316
3832.462646 0.000000 1880.569824 0.000000 0.466089 0.000000 0.884738 0.780441 0.780441 0.780441
3845.847412 0.000000 1861.634644 0.000000 0.536490 0.000000 -0.843907 0.969969 0.969969 0.969969
3821.093018 0.000000 1891.331421 0.000000 0.341093 0.000000 -0.940030 1.106049 1.106049 1.106049
3836.253662 0.000000 1863.176392 0.000000 0.630875 0.000000 0.775885 0.864081 0.864081 0.864081
3841.941406 0.000000 1872.547974 0.000000 0.472655 0.000000 -0.881248 0.946042 0.946042 0.946042
3844.479980 0.000000 1855.585083 0.000000 0.878992 0.000000 -0.476836 0.934621 0.934621 0.934621
3855.972656 0.000000 1861.766235 0.000000 0.590126 0.000000 -0.807311 0.957001 0.957001 0.957001
3830.251465 0.000000 1885.149048 0.000000 0.835089 0.000000 0.550116 0.838485 0.838485 0.838485
3859.430420 0.000000 1848.079346 0.000000 0.127722 0.000000 -0.991810 1.240373 1.240373 1.240373
3841.191406 0.000000 1864.012817 0.000000 0.542212 0.000000 -0.840242 0.953803 0.953803 0.953803
3851.695312 0.000000 1869.959229 0.000000 0.996884 0.000000 -0.078884 0.903194 0.903194 0.903194
3853.126709 0.000000 1851.611816 0.000000 0.251407 0.000000 0.967882 0.698829 0.698829 0.698829
3868.760254 0.000000 1823.944824 0.000000 0.999144 0.000000 -0.041379 0.906975 0.906975 0.906975
3834.812012 0.000000 1855.230225 0.000000 0.366886 0.000000 -0.930266 0.924168 0.924168 0.924168
3830.530029 0.000000 1876.535889 0.000000 0.998638 0.000000 0.052179 0.894370 0.894370 0.894370
3860.179688 0.000000 1857.036011 0.000000 0.922192 0.000000 0.386732 0.875018 0.875018 0.875018
3834.188477 0.000000 1870.195435 0.000000 0.823964 0.000000 0.566643 0.830967 0.830967 0.830967
3843.342285 0.000000 1851.276978 0.000000 0.312835 0.000000 -0.949808 0.953476 0.953476 0.953476
3855.930664 0.000000 1857.610840 0.000000 0.890843 0.000000 -0.454312 0.940266 0.940266 0.940266
3847.831055 0.000000 1858.156494 0.000000 0.874818 0.000000 0.484452 0.861365 0.861365 0.861365
3858.408936 0.000000 1864.985107 0.000000 0.592636 0.000000 -0.805471 0.925250 0.925250 0.925250
3861.241211 0.000000 1853.393066 0.000000 0.179450 0.000000 0.983767 0.756296 0.756296 0.756296
3836.783203 0.000000 1859.503296 0.000000 0.979541 0.000000 -0.201245 0.907285 0.907285 0.907285
3834.884277 0.000000 1866.604126 0.000000 0.995579 0.000000 0.093932 0.894082 0.894082 0.894082
3850.773926 0.000000 1854.534668 0.000000 0.277882 0.000000 -0.960615 1.018765 1.018765 1.018765
3838.359375 0.000000 1856.187500 0.000000 0.609238 0.000000 -0.792987 0.939092 0.939092 0.939092
3854.698975 0.000000 1865.165161 0.000000 0.838055 0.000000 -0.545586 0.923340 0.923340 0.923340
3856.500977 0.000000 1850.215576 0.000000 0.900159 0.000000 -0.435562 0.974932 0.974932 0.974932
3847.317871 0.000000 1865.130127 0.000000 0.977392 0.000000 -0.211436 0.911010 0.911010 0.911010
3841.954346 0.000000 1867.466064 0.000000 0.927337 0.000000 0.374228 0.878454 0.878454 0.878454
3849.707520 0.000000 1861.140869 0.000000 0.173777 0.000000 -0.984785 1.000383 1.000383 1.000383
3823.827881 0.000000 1893.491699 0.000000 0.970755 0.000000 0.240071 0.870584 0.870584 0.870584
3837.311279 0.000000 1871.624756 0.000000 0.704162 0.000000 -0.710040 0.947899 0.947899 0.947899
3822.865967 0.000000 1888.346069 0.000000 0.999745 0.000000 -0.022561 0.903802 0.903802 0.903802
3841.292236 0.000000 1854.411987 0.000000 0.509837 0.000000 -0.860271 0.946547 0.946547 0.946547
3849.489990 0.000000 1867.627319 0.000000 0.257679 0.000000 -0.966231 0.958876 0.958876 0.958876
3853.998535 0.000000 1854.749268 0.000000 0.084982 0.000000 0.996383 0.759794 0.759794 0.759794
3852.829346 0.000000 1861.514526 0.000000 0.053175 0.000000 -0.998585 0.995477 0.995477 0.995477
3833.471436 0.000000 1877.631592 0.000000 0.819123 0.000000 0.573618 0.797050 0.797050 0.797050
3844.158203 0.000000 1865.056152 0.000000 0.993432 0.000000 -0.114426 0.906442 0.906442 0.906442
3833.092529 0.000000 1883.985962 0.000000 0.781437 0.000000 -0.623984 0.930281 0.930281 0.930281
3850.564941 0.000000 1849.776001 0.000000 0.762004 0.000000 -0.647573 0.939568 0.939568 0.939568
3838.959229 0.000000 1861.649658 0.000000 0.759306 0.000000 0.650734 0.866567 0.866567 0.866567
3858.644287 0.000000 1859.751221 0.000000 0.963988 0.000000 0.265946 0.886694 0.886694 0.886694
3847.563721 0.000000 1854.709595 0.000000 0.184252 0.000000 0.982879 0.797270 0.797270 0.797270
3868.764648 0.000000 1826.906982 0.000000 1.000000 0.000000 0.000507 0.899929 0.899929 0.899929
3824.592041 0.000000 1890.653809 0.000000 0.714900 0.000000 0.699226 0.788653 0.788653 0.788653
3824.312012 0.000000 1885.825806 0.000000 0.830153 0.000000 0.557536 0.870765 0.870765 0.870765
3859.281982 0.000000 1851.226562 0.000000 0.770301 0.000000 0.637680 0.783473 0.783473 0.783473
3839.935547 0.000000 1870.471191 0.000000 0.988299 0.000000 0.152529 0.891743 0.891743 0.891743
3838.135498 0.000000 1865.305054 0.000000 0.302657 0.000000 -0.953100 0.962448 0.962448 0.962448
3871.244629 0.000000 1825.448486 0.000000 0.837650 0.000000 -0.546207 0.945441 0.945441 0.945441
3829.145752 0.000000 1879.009277 0.000000 0.727948 0.000000 -0.685632 0.947529 0.947529 0.947529
3845.465332 0.000000 1852.994263 0.000000 0.265764 0.000000 -0.964038 0.978975 0.978975 0.978975
3862.518311 0.000000 1836.249146 0.000000 0.740329 0.000000 0.672245 0.565389 0.565389 0.565389
3829.606445 0.000000 1887.735474 0.000000 0.917908 0.000000 -0.396794 0.967842 0.967842 0.967842
3842.161377 0.000000 1856.910522 0.000000 0.494245 0.000000 -0.869323 0.973403 0.973403 0.973403
3861.395020 0.000000 1849.687866 0.000000 0.989518 0.000000 0.144409 0.871672 0.871672 0.871672
3854.497070 0.000000 1859.688721 0.000000 0.530661 0.000000 0.847584 0.829551 0.829551 0.829551
3852.954834 0.000000 1849.007812 0.000000 0.172804 0.000000 -0.984956 1.003593 1.003593 1.003593
3855.454590 0.000000 1852.458984 0.000000 0.970724 0.000000 0.240199 0.877654 0.877654 0.877654
3849.916748 0.000000 1856.802979 0.000000 0.373208 0.000000 0.927748 0.793198 0.793198 0.793198
3831.019775 0.000000 1882.977661 0.000000 0.973114 0.000000 0.230325 0.861357 0.861357 0.861357
3831.426758 0.000000 1878.590576 0.000000 0.595409 0.000000 0.803423 0.742770 0.742770 0.742770
3836.515625 0.000000 1873.751465 0.000000 0.962169 0.000000 -0.272452 0.934101 0.934101 0.934101
3867.013672 0.000000 1825.420776 0.000000 0.995107 0.000000 -0.098802 0.910229 0.910229 0.910229
3850.991943 0.000000 1852.391113 0.000000 0.501337 0.000000 0.865252 0.798973 0.798973 0.798973
3853.802734 0.000000 1857.140015 0.000000 0.547783 0.000000 -0.836620 0.989074 0.989074 0.989074
3859.425049 0.000000 1854.540283 0.000000 0.935735 0.000000 -0.352704 0.931587 0.931587 0.931587
3849.834229 0.000000 1858.932251 0.000000 0.987323 0.000000 -0.158726 0.913610 0.913610 0.913610
3832.509766 0.000000 1875.740723 0.000000 0.720581 0.000000 -0.693371 1.018782 1.018782 1.018782
3854.543457 0.000000 1850.273438 0.000000 0.797243 0.000000 -0.603659 1.001932 1.001932 1.001932
3830.579102 0.000000 1880.309937 0.000000 0.939079 0.000000 -0.343702 0.959125 0.959125 0.959125
3835.426025 0.000000 1872.037231 0.000000 0.916284 0.000000 -0.400528 0.969445 0.969445 0.969445
3822.726562 0.000000 1890.241211 0.000000 0.941295 0.000000 -0.337586 0.958029 0.958029 0.958029
3849.159180 0.000000 1853.463623 0.000000 0.918585 0.000000 -0.395223 0.952037 0.952037 0.952037
3861.144531 0.000000 1847.233398 0.000000 0.746798 0.000000 0.665051 0.787202 0.787202 0.787202
3858.204346 0.000000 1849.454834 0.000000 0.297548 0.000000 -0.954707 1.199310 1.199310 1.199310
3824.545898 0.000000 1887.601929 0.000000 0.617496 0.000000 -0.786574 1.052549 1.052549 1.052549
3857.494873 0.000000 1851.923340 0.000000 0.479879 0.000000 0.877334 0.722045 0.722045 0.722045
3835.228271 0.000000 1877.382080 0.000000 0.966097 0.000000 0.258179 0.855994 0.855994 0.855994
3826.002686 0.000000 1886.585449 0.000000 0.119362 0.000000 -0.992851 1.144543 1.144543 1.144543
3858.964600 0.000000 1852.906982 0.000000 0.497588 0.000000 -0.867414 1.062784 1.062784 1.062784
3834.082031 0.000000 1876.117798 0.000000 0.446228 0.000000 0.894919 0.713241 0.713241 0.713241
3869.571289 0.000000 1825.436157 0.000000 0.644020 0.000000 -0.765009 1.046788 1.046788 1.046788
3826.043701 0.000000 1889.904297 0.000000 0.778838 0.000000 -0.627225 1.003588 1.003588 1.003588
3849.745361 0.000000 1851.188354 0.000000 0.999837 0.000000 0.018031 0.897366 0.897366 0.897366
3852.065918 0.000000 1850.401367 0.000000 0.845438 0.000000 0.534073 0.813917 0.813917 0.813917
3859.811523 0.000000 1849.684814 0.000000 0.680048 0.000000 0.733167 0.705842 0.705842 0.705842
3832.971924 0.000000 1879.105469 0.000000 0.509599 0.000000 -0.860412 1.074597 1.074597 1.074597
3826.157227 0.000000 1885.013550 0.000000 0.336338 0.000000 0.941741 0.695858 0.695858 0.695858
3863.584473 0.000000 1837.392456 0.000000 0.641578 0.000000 -0.767057 1.296794 1.296794 1.296794
3832.004150 0.000000 1877.183228 0.000000 0.925534 0.000000 0.378666 0.834556 0.834556 0.834556
3824.249268 0.000000 1889.134644 0.000000 0.875204 0.000000 -0.483753 0.985091 0.985091 0.985091
3829.141602 0.000000 1886.274658 0.000000 0.547781 0.000000 0.836622 0.735212 0.735212 0.735212
3863.933594 0.000000 1836.100830 0.000000 0.147763 0.000000 -0.989023 1.545629 1.545629 1.545629
3862.504150 0.000000 1837.376709 0.000000 0.891542 0.000000 -0.452937 1.113346 1.113346 1.113346
3783.091797 0.000000 1930.667114 0.000000 0.463692 0.000000 -0.885996 0.924461 0.924461 0.924461
3802.223145 0.000000 1929.569702 0.000000 0.134317 0.000000 0.990938 0.816106 0.816106 0.816106
3796.892090 0.000000 1998.451172 0.000000 0.999321 0.000000 -0.036856 0.906212 0.906212 0.906212
3790.720703 0.000000 2003.430664 0.000000 0.482363 0.000000 0.875971 0.775281 0.775281 0.775281
3805.572754 0.000000 1996.764893 0.000000 0.977588 0.000000 -0.210528 0.910962 0.910962 0.910962
3785.445312 0.000000 1949.761230 0.000000 0.146354 0.000000 0.989232 0.660046 0.660046 0.660046
3806.345947 0.000000 1955.033691 0.000000 0.067164 0.000000 0.997742 0.646621 0.646621 0.646621
3797.997314 0.000000 1947.806519 0.000000 0.943715 0.000000 -0.330760 0.908332 0.908332 0.908332
3783.847900 0.000000 1936.659424 0.000000 0.934374 0.000000 0.356295 0.880355 0.880355 0.880355
3786.302490 0.000000 2006.802002 0.000000 0.483863 0.000000 0.875144 0.763508 0.763508 0.763508
3799.058350 0.000000 1925.163818 0.000000 0.284440 0.000000 -0.958694 0.954746 0.954746 0.954746
3787.951416 0.000000 1932.997925 0.000000 0.802079 0.000000 -0.597218 1.007856 1.007856 1.007856
3807.944824 0.000000 1990.280273 0.000000 0.999865 0.000000 0.016459 0.898743 0.898743 0.898743
3781.132080 0.000000 2006.000366 0.000000 0.954576 0.000000 -0.297967 0.950987 0.950987 0.950987
3795.224609 0.000000 1928.198608 0.000000 0.984835 0.000000 0.173494 0.869439 0.869439 0.869439
3801.661133 0.000000 1951.980469 0.000000 0.809884 0.000000 0.586590 0.873239 0.873239 0.873239
3801.366455 0.000000 1944.545288 0.000000 0.523310 0.000000 -0.852143 1.030643 1.030643 1.030643
3793.222656 0.000000 1937.177856 0.000000 0.318638 0.000000 -0.947877 0.925207 0.925207 0.925207
3800.835693 0.000000 2000.264038 0.000000 0.230971 0.000000 0.972961 0.869943 0.869943 0.869943
3790.859375 0.000000 1929.128906 0.000000 0.907895 0.000000 0.419198 0.842657 0.842657 0.842657
3792.276855 0.000000 1999.540894 0.000000 0.146017 0.000000 -0.989282 1.021606 1.021606 1.021606
3779.820312 0.000000 1935.580933 0.000000 0.183527 0.000000 0.983015 0.678856 0.678856 0.678856
3805.191162 0.000000 1992.825684 0.000000 0.342556 0.000000 0.939497 0.694214 0.694214 0.694214
3805.401367 0.000000 1951.592163 0.000000 0.897686 0.000000 -0.440636 0.976895 0.976895 0.976895
3784.508789 0.000000 1946.199951 0.000000 0.729655 0.000000 0.683816 0.835709 0.835709 0.835709
3809.023682 0.000000 1957.567871 0.000000 0.990664 0.000000 0.136324 0.895698 0.895698 0.895698
3783.062988 0.000000 2008.963135 0.000000 0.650156 0.000000 0.759801 0.760386 0.760386 0.760386
3794.989502 0.000000 2001.367432 0.000000 0.999774 0.000000 0.021254 0.896418 0.896418 0.896418
3784.701416 0.000000 1933.564331 0.000000 0.977438 0.000000 0.211222 0.864135 0.864135 0.864135
3801.849365 0.000000 1926.496704 0.000000 0.993391 0.000000 -0.114783 0.919385 0.919385 0.919385
3792.336914 0.000000 1926.297607 0.000000 0.823575 0.000000 -0.567208 0.927103 0.927103 0.927103
3785.933105 0.000000 2003.600464 0.000000 0.407462 0.000000 0.913222 0.843098 0.843098 0.843098
3800.987305 0.000000 1948.964478 0.000000 0.378175 0.000000 -0.925734 1.086061 1.086061 1.086061
3780.813965 0.000000 1932.714355 0.000000 0.995686 0.000000 0.092784 0.891023 0.891023 0.891023
3776.183105 0.000000 1935.213013 0.000000 0.778593 0.000000 0.627530 0.846652 0.846652 0.846652
3787.289795 0.000000 1947.210938 0.000000 0.087233 0.000000 -0.996188 1.003328 1.003328 1.003328
3799.528320 0.000000 1927.823730 0.000000 0.214254 0.000000 -0.976778 1.128318 1.128318 1.128318
3785.753418 0.000000 2009.389282 0.000000 0.722894 0.000000 -0.690959 0.961703 0.961703 0.961703
3790.526123 0.000000 1932.233521 0.000000 0.532457 0.000000 0.846457 0.745791 0.745791 0.745791
3803.450928 0.000000 1994.915161 0.000000 0.985052 0.000000 0.172256 0.870826 0.870826 0.870826
3807.858398 0.000000 1952.229492 0.000000 0.716164 0.000000 -0.697932 1.030180 1.030180 1.030180
3794.748047 0.000000 1939.221924 0.000000 0.780105 0.000000 0.625649 0.792164 0.792164 0.792164
3799.402100 0.000000 1998.065552 0.000000 0.827141 0.000000 0.561994 0.799430 0.799430 0.799430
3795.787354 0.000000 1953.575439 0.000000 0.588515 0.000000 -0.808486 1.039631 1.039631 1.039631
3806.913086 0.000000 1994.695312 0.000000 0.927876 0.000000 0.372889 0.872525 0.872525 0.872525
3794.343506 0.000000 1930.467896 0.000000 0.361893 0.000000 -0.932220 1.164344 1.164344 1.164344
3786.626221 0.000000 1935.127319 0.000000 0.988876 0.000000 0.148744 0.889936 0.889936 0.889936
3782.419922 0.000000 1934.589722 0.000000 0.977027 0.000000 -0.213114 0.936191 0.936191 0.936191
3788.873047 0.000000 1930.521240 0.000000 0.110110 0.000000 0.993919 0.653887 0.653887 0.653887
3799.187744 0.000000 1945.639160 0.000000 0.096907 0.000000 0.995293 0.681452 0.681452 0.681452
3808.710938 0.000000 1955.243652 0.000000 0.473744 0.000000 0.880663 0.808021 0.808021 0.808021
3802.967285 0.000000 1992.194580 0.000000 0.920387 0.000000 -0.391008 0.947840 0.947840 0.947840
3781.589844 0.000000 1937.282837 0.000000 0.156384 0.000000 0.987696 0.693522 0.693522 0.693522
3779.369629 0.000000 1937.769897 0.000000 0.306145 0.000000 -0.951985 1.112273 1.112273 1.112273
3786.012207 0.000000 1931.815918 0.000000 0.988553 0.000000 -0.150876 0.922800 0.922800 0.922800
3799.538330 0.000000 1961.623535 0.000000 0.915954 0.000000 -0.401282 0.969583 0.969583 0.969583
3806.889160 0.000000 1957.181152 0.000000 0.421530 0.000000 -0.906815 1.083724 1.083724 1.083724
3793.070801 0.000000 1928.507202 0.000000 0.504420 0.000000 0.863459 0.712683 0.712683 0.712683
3797.357910 0.000000 1928.423340 0.000000 0.367976 0.000000 -0.929835 1.101203 1.101203 1.101203
3803.928223 0.000000 1926.836914 0.000000 0.765560 0.000000 0.643364 0.835617 0.835617 0.835617
3796.199463 0.000000 1959.583618 0.000000 0.915236 0.000000 0.402919 0.861796 0.861796 0.861796
3787.432861 0.000000 1950.524658 0.000000 0.553419 0.000000 -0.832903 0.995103 0.995103 0.995103
3792.279053 0.000000 1930.835449 0.000000 0.382058 0.000000 0.924138 0.502713 0.502713 0.502713
3777.892334 0.000000 1936.297241 0.000000 0.625674 0.000000 0.780084 0.809527 0.809527 0.809527
3781.225098 0.000000 2008.115234 0.000000 0.459035 0.000000 -0.888418 1.081881 1.081881 1.081881
3796.888672 0.000000 1961.394775 0.000000 0.232858 0.000000 -0.972511 1.059072 1.059072 1.059072
3778.620361 0.000000 1934.054443 0.000000 0.766388 0.000000 0.642378 0.788713 0.788713 0.788713
3794.306396 0.000000 1926.495605 0.000000 0.966338 0.000000 0.257276 0.872522 0.872522 0.872522
3782.981445 0.000000 2007.001709 0.000000 0.276156 0.000000 0.961113 0.679543 0.679543 0.679543
3803.255615 0.000000 1997.057373 0.000000 0.567203 0.000000 0.823578 0.745625 0.745625 0.745625
3805.574707 0.000000 1949.697388 0.000000 0.998672 0.000000 0.051510 0.892011 0.892011 0.892011
3792.694092 0.000000 2003.819458 0.000000 0.618155 0.000000 0.786056 0.784170 0.784170 0.784170
3800.024414 0.000000 1947.359375 0.000000 0.750904 0.000000 0.660412 0.778437 0.778437 0.778437
3795.954346 0.000000 1955.491333 0.000000 0.010424 0.000000 -0.999946 1.103347 1.103347 1.103347
3797.453125 0.000000 1952.704834 0.000000 0.110071 0.000000 -0.993924 1.146119 1.146119 1.146119
3782.866699 0.000000 1932.620239 0.000000 0.466211 0.000000 0.884674 0.736543 0.736543 0.736543
3797.646484 0.000000 1926.553345 0.000000 0.303487 0.000000 0.952836 0.704276 0.704276 0.704276
3805.019775 0.000000 1953.445312 0.000000 0.998408 0.000000 -0.056407 0.906974 0.906974 0.906974
3795.409424 0.000000 1999.559570 0.000000 0.109041 0.000000 -0.994037 1.136442 1.136442 1.136442
3795.101807 0.000000 1936.954590 0.000000 0.999850 0.000000 -0.017296 0.902915 0.902915 0.902915
3784.761230 0.000000 2007.833496 0.000000 0.876562 0.000000 -0.481288 1.015078 1.015078 1.015078
3801.792725 0.000000 1994.294312 0.000000 0.499607 0.000000 -0.866252 1.064777 1.064777 1.064777
3794.197754 0.000000 1952.720337 0.000000 0.895194 0.000000 0.445676 0.831498 0.831498 0.831498
3807.033936 0.000000 1950.683350 0.000000 0.957702 0.000000 0.287762 0.850812 0.850812 0.850812
3802.718018 0.000000 1948.752319 0.000000 0.740201 0.000000 0.672385 0.775731 0.775731 0.775731
3799.291992 0.000000 1996.326904 0.000000 0.353221 0.000000 0.935540 0.696131 0.696131 0.696131
3784.883789 0.000000 1935.230835 0.000000 0.247758 0.000000 -0.968822 1.092846 1.092846 1.092846
3786.972412 0.000000 1948.891357 0.000000 0.358819 0.000000 0.933407 0.705255 0.705255 0.705255
3781.512451 0.000000 2009.785645 0.000000 0.294544 0.000000 -0.955638 1.111465 1.111465 1.111465
3805.095947 0.000000 1994.621216 0.000000 0.951790 0.000000 -0.306751 0.952540 0.952540 0.952540
3807.541748 0.000000 1953.852661 0.000000 0.828791 0.000000 0.559558 0.799926 0.799926 0.799926
3793.834717 0.000000 2000.133667 0.000000 0.969222 0.000000 0.246188 0.858082 0.858082 0.858082
3786.372314 0.000000 1933.482666 0.000000 0.788815 0.000000 -0.614631 1.011544 1.011544 1.011544
3799.156006 0.000000 1999.791992 0.000000 0.999124 0.000000 -0.041845 0.907054 0.907054 0.907054
3800.187500 0.000000 1926.319458 0.000000 0.709846 0.000000 0.704357 0.768301 0.768301 0.768301
3804.732666 0.000000 1955.305908 0.000000 0.684323 0.000000 0.729179 0.771481 0.771481 0.771481
3785.674316 0.000000 2005.293579 0.000000 0.547057 0.000000 0.837095 0.715009 0.715009 0.715009
3798.025635 0.000000 1997.265137 0.000000 0.918285 0.000000 -0.395921 0.968598 0.968598 0.968598
3800.885742 0.000000 1946.056152 0.000000 0.725830 0.000000 0.687874 0.772170 0.772170 0.772170
3780.907715 0.000000 1934.269165 0.000000 0.999418 0.000000 0.034107 0.894251 0.894251 0.894251
3806.389160 0.000000 1952.743896 0.000000 0.451271 0.000000 0.892387 0.714192 0.714192 0.714192
3790.235352 0.000000 1930.849854 0.000000 0.590869 0.000000 -0.806768 1.127780 1.127780 1.127780
3784.845215 0.000000 2006.462646 0.000000 0.761070 0.000000 -0.648670 1.061766 1.061766 1.061766
3795.013184 0.000000 1931.624756 0.000000 0.694537 0.000000 -0.719457 1.076821 1.076821 1.076821
3793.400635 0.000000 1931.424194 0.000000 0.501698 0.000000 -0.865043 1.252280 1.252280 1.252280
4608.602051 0.000000 672.503906 0.000000 0.049351 0.000000 0.998782 0.876071 0.876071 0.876071
4611.010254 0.000000 679.754578 0.000000 0.999999 0.000000 -0.001410 0.900035 0.900035 0.900035
4607.627930 0.000000 680.905396 0.000000 0.263437 0.000000 -0.964676 1.093408 1.093408 1.093408
4609.613770 0.000000 675.134094 0.000000 0.277421 0.000000 0.960748 0.781191 0.781191 0.781191
4611.262695 0.000000 685.876160 0.000000 0.277234 0.000000 0.960802 0.711615 0.711615 0.711615
4610.905273 0.000000 682.455383 0.000000 0.955824 0.000000 0.293940 0.863131 0.863131 0.863131
4608.806641 0.000000 679.004944 0.000000 0.340110 0.000000 -0.940385 1.106225 1.106225 1.106225
4607.589355 0.000000 674.573303 0.000000 0.960619 0.000000 0.277868 0.852550 0.852550 0.852550
4611.145996 0.000000 684.164185 0.000000 0.995744 0.000000 0.092165 0.886520 0.886520 0.886520
4609.643066 0.000000 685.467407 0.000000 0.875754 0.000000 -0.482758 0.984899 0.984899 0.984899
"}
