object={
	name="tree_leaf_01_cluster_generator_1_0"
	render_pass=Map
	clamp_to_water_level=no
	generated_content=yes
	layer="tree_high_layer"
	pdxmesh="tree_leaf_01_cluster_a_mesh"
	count=15
	transform="3906.259277 0.000000 1167.658813 0.000000 0.996883 0.000000 0.078900 1.000000 1.000000 1.000000
3904.905273 0.000000 1159.942993 0.000000 0.191027 0.000000 0.981585 1.000000 1.000000 1.000000
3912.802979 0.000000 1169.089722 0.000000 0.533513 0.000000 0.845792 1.000000 1.000000 1.000000
3907.219971 0.000000 1173.865112 0.000000 0.725487 0.000000 0.688236 1.000000 1.000000 1.000000
3902.949219 0.000000 1164.042358 0.000000 0.186693 0.000000 -0.982418 1.000000 1.000000 1.000000
3911.133057 0.000000 1172.759399 0.000000 0.976911 0.000000 -0.213648 1.000000 1.000000 1.000000
3904.034424 0.000000 1170.894043 0.000000 0.632146 0.000000 0.774849 1.000000 1.000000 1.000000
3906.611084 0.000000 1163.466064 0.000000 0.207674 0.000000 -0.978198 1.000000 1.000000 1.000000
3909.907959 0.000000 1166.466797 0.000000 0.302612 0.000000 -0.953114 1.000000 1.000000 1.000000
3909.006104 0.000000 1170.060303 0.000000 0.995058 0.000000 -0.099299 1.000000 1.000000 1.000000
3906.728760 0.000000 1171.317017 0.000000 0.949884 0.000000 0.312604 1.000000 1.000000 1.000000
3907.669189 0.000000 1165.630615 0.000000 0.989037 0.000000 0.147671 1.000000 1.000000 1.000000
3905.124512 0.000000 1165.039429 0.000000 0.143760 0.000000 -0.989613 1.000000 1.000000 1.000000
3907.068115 0.000000 1169.431274 0.000000 0.396926 0.000000 -0.917851 1.000000 1.000000 1.000000
3904.704346 0.000000 1163.242432 0.000000 0.680222 0.000000 0.733006 1.000000 1.000000 1.000000
"}
